Graph addvar/addexpr lines
6 101
x dendrite[0].cai( 0.05 ) dendrite[0].cao( 0.05 ) dendrite[0].dica_dv_( 0.05 ) dendrite[0].eca( 0.05 ) dendrite[0].ica( 0.05 ) dendrite[0].v( 0.05 )
-0.5	5e-05	2	2.79008e-05	127.59	0.000449397	-85
0.5	5e-05	2	2.79008e-05	127.59	0.000449397	-48.2301
1.5	5e-05	2	0.000233444	127.59	0.0053988	-33.0956
2.5	5e-05	2	0.000329779	127.59	0.0116391	-28.1827
3.5	5e-05	2	0.000309794	127.59	0.0147839	-27.2101
4.5	5e-05	2	0.000312914	127.59	0.0162575	-27.0903
5.5	5e-05	2	0.000327787	127.59	0.0172246	-27.0606
6.5	5e-05	2	0.000342225	127.59	0.0180344	-27.0418
7.5	5e-05	2	0.000355701	127.59	0.0187786	-27.0262
8.5	5e-05	2	0.000368767	127.59	0.0194976	-27.0123
9.5	5e-05	2	0.000381834	127.59	0.0202156	-26.9995
10.5	5e-05	2	0.00039519	127.59	0.0209487	-26.9873
11.5	5e-05	2	0.000409066	127.59	0.0217098	-26.9756
12.5	5e-05	2	0.00042367	127.59	0.0225106	-26.9641
13.5	5e-05	2	0.000439207	127.59	0.0233623	-26.9527
14.5	5e-05	2	0.000455887	127.59	0.0242764	-26.9414
15.5	5e-05	2	0.000473928	127.59	0.025265	-26.9301
16.5	5e-05	2	0.000493562	127.59	0.0263409	-26.9187
17.5	5e-05	2	0.000515032	127.59	0.0275172	-26.9074
18.5	5e-05	2	0.000538591	127.59	0.0288081	-26.896
19.5	5e-05	2	0.000564502	127.59	0.030228	-26.8845
20.5	5e-05	2	0.000593039	127.59	0.0317919	-26.8731
21.5	5e-05	2	0.000624482	127.59	0.0335152	-26.8618
22.5	5e-05	2	0.000659114	127.59	0.0354136	-26.8506
23.5	5e-05	2	0.000697225	127.59	0.0375029	-26.8395
24.5	5e-05	2	0.000739104	127.59	0.0397992	-26.8288
25.5	5e-05	2	0.000785044	127.59	0.0423183	-26.8183
26.5	5e-05	2	0.000835332	127.59	0.0450762	-26.8081
27.5	5e-05	2	0.000890255	127.59	0.0480886	-26.7984
28.5	5e-05	2	0.000950094	127.59	0.0513709	-26.7891
29.5	5e-05	2	0.00101512	127.59	0.0549382	-26.7802
30.5	5e-05	2	0.00108561	127.59	0.0588052	-26.7718
31.5	5e-05	2	0.00116181	127.59	0.0629859	-26.7639
32.5	5e-05	2	0.00124397	127.59	0.067494	-26.7564
33.5	5e-05	2	0.00133233	127.59	0.0723424	-26.7495
34.5	5e-05	2	0.00142712	127.59	0.0775434	-26.7429
35.5	5e-05	2	0.00152853	127.59	0.0831084	-26.7369
36.5	5e-05	2	0.00163677	127.59	0.0890482	-26.7312
37.5	5e-05	2	0.00175202	127.59	0.0953728	-26.726
38.5	5e-05	2	0.00187445	127.59	0.102091	-26.7211
39.5	5e-05	2	0.0020042	127.59	0.109212	-26.7167
40.5	5e-05	2	0.00214141	127.59	0.116742	-26.7125
41.5	5e-05	2	0.0022862	127.59	0.124687	-26.7087
42.5	5e-05	2	0.00243866	127.59	0.133054	-26.7051
43.5	5e-05	2	0.00259888	127.59	0.141847	-26.7018
44.5	5e-05	2	0.00276694	127.59	0.15107	-26.6988
45.5	5e-05	2	0.00294287	127.59	0.160725	-26.696
46.5	5e-05	2	0.00312672	127.59	0.170815	-26.6934
47.5	5e-05	2	0.00331851	127.59	0.18134	-26.691
48.5	5e-05	2	0.00351823	127.59	0.192301	-26.6888
49.5	5e-05	2	0.00372587	127.59	0.203696	-26.6867
50.5	5e-05	2	0.00394142	127.59	0.215525	-26.6848
51.5	5e-05	2	0.00416481	127.59	0.227785	-26.6831
52.5	5e-05	2	0.00439601	127.59	0.240473	-26.6814
53.5	5e-05	2	0.00463494	127.59	0.253586	-26.6799
54.5	5e-05	2	0.00488151	127.59	0.267117	-26.6785
55.5	5e-05	2	0.00513564	127.59	0.281064	-26.6772
56.5	5e-05	2	0.00539721	127.59	0.295418	-26.676
57.5	5e-05	2	0.0056661	127.59	0.310175	-26.6748
58.5	5e-05	2	0.00594218	127.59	0.325326	-26.6738
59.5	5e-05	2	0.00622533	127.59	0.340865	-26.6728
60.5	5e-05	2	0.00651538	127.59	0.356782	-26.6719
61.5	5e-05	2	0.00681217	127.59	0.37307	-26.671
62.5	5e-05	2	0.00711555	127.59	0.389719	-26.6702
63.5	5e-05	2	0.00742534	127.59	0.40672	-26.6694
64.5	5e-05	2	0.00774135	127.59	0.424062	-26.6687
65.5	5e-05	2	0.00806341	127.59	0.441736	-26.668
66.5	5e-05	2	0.00839131	127.59	0.45973	-26.6674
67.5	5e-05	2	0.00872486	127.59	0.478035	-26.6668
68.5	5e-05	2	0.00906385	127.59	0.496639	-26.6663
69.5	5e-05	2	0.00940809	127.59	0.51553	-26.6658
70.5	5e-05	2	0.00975735	127.59	0.534696	-26.6653
71.5	5e-05	2	0.0101114	127.59	0.554128	-26.6648
72.5	5e-05	2	0.0104701	127.59	0.573811	-26.6644
73.5	5e-05	2	0.0108332	127.59	0.593735	-26.664
74.5	5e-05	2	0.0112004	127.59	0.613887	-26.6636
75.5	5e-05	2	0.0115716	127.59	0.634256	-26.6632
76.5	5e-05	2	0.0119464	127.59	0.654829	-26.6628
77.5	5e-05	2	0.0123248	127.59	0.675594	-26.6625
78.5	5e-05	2	0.0127065	127.59	0.696538	-26.6622
79.5	5e-05	2	0.0130912	127.59	0.717651	-26.6619
80.5	5e-05	2	0.0134788	127.59	0.738919	-26.6616
81.5	5e-05	2	0.013869	127.59	0.760332	-26.6613
82.5	5e-05	2	0.0142615	127.59	0.781876	-26.6611
83.5	5e-05	2	0.0146563	127.59	0.80354	-26.6608
84.5	5e-05	2	0.0150531	127.59	0.825313	-26.6606
85.5	5e-05	2	0.0154516	127.59	0.847183	-26.6604
86.5	5e-05	2	0.0158517	127.59	0.869138	-26.6602
87.5	5e-05	2	0.0162531	127.59	0.891168	-26.66
88.5	5e-05	2	0.0166557	127.59	0.913262	-26.6598
89.5	5e-05	2	0.0170593	127.59	0.935408	-26.6596
90.5	5e-05	2	0.0174636	127.59	0.957596	-26.6594
91.5	5e-05	2	0.0178685	127.59	0.979815	-26.6593
92.5	5e-05	2	0.0182738	127.59	1.00206	-26.6591
93.5	5e-05	2	0.0186792	127.59	1.02431	-26.6589
94.5	5e-05	2	0.0190848	127.59	1.04656	-26.6588
95.5	5e-05	2	0.0194901	127.59	1.06881	-26.6587
96.5	5e-05	2	0.0198952	127.59	1.09103	-26.6585
97.5	5e-05	2	0.0202997	127.59	1.11324	-26.6584
98.5	5e-05	2	0.0207036	127.59	1.1354	-26.6583
99.5	5e-05	2	0.0211068	127.59	1.15752	-26.6581
0 unlabeled lines
