Graph addvar/addexpr lines
8 101
x dendrite[0].P8_Piezo1( 0.05 ) dendrite[0].cai( 0.05 ) dendrite[0].P1_Piezo1( 0.05 ) dendrite[0].force_sensitivity_Piezo1( 0.05 ) dendrite[126].P1_Piezo1( 0.05 ) dendrite[126].P8_Piezo1( 0.05 ) dendrite[126].cai( 0.05 ) dendrite[126].force_sensitivity_Piezo1( 0.05 )
-0.5	0.002	5e-05	0.9	0.05	0.9	0.002	5e-05	0.05
0.5	0.00336356	5e-05	0.816289	0.05	0.816289	0.00336356	5e-05	0.05
1.5	0.00417304	5e-05	0.741041	0.05	0.741041	0.00417304	5e-05	0.05
2.5	0.00469254	5e-05	0.673348	0.05	0.673348	0.00469254	5e-05	0.05
3.5	0.00506031	5e-05	0.612406	0.05	0.612406	0.00506031	5e-05	0.05
4.5	0.00534905	5e-05	0.557499	0.05	0.557499	0.00534905	5e-05	0.05
5.5	0.00559738	5e-05	0.50799	0.05	0.50799	0.00559738	5e-05	0.05
6.5	0.00582626	5e-05	0.463312	0.05	0.463312	0.00582626	5e-05	0.05
7.5	0.00604758	5e-05	0.422962	0.05	0.422962	0.00604758	5e-05	0.05
8.5	0.00626862	5e-05	0.386489	0.05	0.386489	0.00626862	5e-05	0.05
9.5	0.00649437	5e-05	0.353494	0.05	0.353494	0.00649437	5e-05	0.05
10.5	0.0067288	5e-05	0.32362	0.05	0.32362	0.0067288	5e-05	0.05
11.5	0.00697545	5e-05	0.296549	0.05	0.296549	0.00697545	5e-05	0.05
12.5	0.0072378	5e-05	0.271996	0.05	0.271996	0.0072378	5e-05	0.05
13.5	0.00751939	5e-05	0.249708	0.05	0.249708	0.00751939	5e-05	0.05
14.5	0.00782395	5e-05	0.229459	0.05	0.229459	0.00782395	5e-05	0.05
15.5	0.00815537	5e-05	0.211045	0.05	0.211045	0.00815537	5e-05	0.05
16.5	0.00851778	5e-05	0.194286	0.05	0.194286	0.00851778	5e-05	0.05
17.5	0.00891546	5e-05	0.17902	0.05	0.17902	0.00891546	5e-05	0.05
18.5	0.0093529	5e-05	0.165101	0.05	0.165101	0.0093529	5e-05	0.05
19.5	0.00983469	5e-05	0.152399	0.05	0.152399	0.00983469	5e-05	0.05
20.5	0.0103656	5e-05	0.140797	0.05	0.140797	0.0103656	5e-05	0.05
21.5	0.0109504	5e-05	0.130191	0.05	0.130191	0.0109504	5e-05	0.05
22.5	0.011594	5e-05	0.120487	0.05	0.120487	0.011594	5e-05	0.05
23.5	0.0123014	5e-05	0.1116	0.05	0.1116	0.0123014	5e-05	0.05
24.5	0.0130774	5e-05	0.103455	0.05	0.103455	0.0130774	5e-05	0.05
25.5	0.013927	5e-05	0.0959824	0.05	0.0959824	0.013927	5e-05	0.05
26.5	0.0148549	5e-05	0.0891215	0.05	0.0891215	0.0148549	5e-05	0.05
27.5	0.015866	5e-05	0.0828167	0.05	0.0828167	0.015866	5e-05	0.05
28.5	0.0169648	5e-05	0.077018	0.05	0.077018	0.0169648	5e-05	0.05
29.5	0.0181559	5e-05	0.0716803	0.05	0.0716803	0.0181559	5e-05	0.05
30.5	0.0194437	5e-05	0.0667628	0.05	0.0667628	0.0194437	5e-05	0.05
31.5	0.0208323	5e-05	0.0622289	0.05	0.0622289	0.0208323	5e-05	0.05
32.5	0.0223257	5e-05	0.0580451	0.05	0.0580451	0.0223257	5e-05	0.05
33.5	0.0239277	5e-05	0.0541814	0.05	0.0541814	0.0239277	5e-05	0.05
34.5	0.0256419	5e-05	0.0506105	0.05	0.0506105	0.0256419	5e-05	0.05
35.5	0.0274715	5e-05	0.0473076	0.05	0.0473076	0.0274715	5e-05	0.05
36.5	0.0294196	5e-05	0.0442503	0.05	0.0442503	0.0294196	5e-05	0.05
37.5	0.031489	5e-05	0.0414182	0.05	0.0414182	0.031489	5e-05	0.05
38.5	0.0336822	5e-05	0.0387928	0.05	0.0387928	0.0336822	5e-05	0.05
39.5	0.0360015	5e-05	0.0363573	0.05	0.0363573	0.0360015	5e-05	0.05
40.5	0.0384489	5e-05	0.0340963	0.05	0.0340963	0.0384489	5e-05	0.05
41.5	0.0410261	5e-05	0.0319959	0.05	0.0319959	0.0410261	5e-05	0.05
42.5	0.0437346	5e-05	0.0300433	0.05	0.0300433	0.0437346	5e-05	0.05
43.5	0.0465753	5e-05	0.0282269	0.05	0.0282269	0.0465753	5e-05	0.05
44.5	0.0495493	5e-05	0.0265362	0.05	0.0265362	0.0495493	5e-05	0.05
45.5	0.0526571	5e-05	0.0249615	0.05	0.0249615	0.0526571	5e-05	0.05
46.5	0.055899	5e-05	0.0234938	0.05	0.0234938	0.055899	5e-05	0.05
47.5	0.0592751	5e-05	0.0221252	0.05	0.0221252	0.0592751	5e-05	0.05
48.5	0.0627851	5e-05	0.0208481	0.05	0.0208481	0.0627851	5e-05	0.05
49.5	0.0664287	5e-05	0.0196557	0.05	0.0196557	0.0664287	5e-05	0.05
50.5	0.070205	5e-05	0.0185419	0.05	0.0185419	0.070205	5e-05	0.05
51.5	0.0741131	5e-05	0.0175008	0.05	0.0175008	0.0741131	5e-05	0.05
52.5	0.0781519	5e-05	0.0165273	0.05	0.0165273	0.0781519	5e-05	0.05
53.5	0.08232	5e-05	0.0156165	0.05	0.0156165	0.08232	5e-05	0.05
54.5	0.0866157	5e-05	0.0147639	0.05	0.0147639	0.0866157	5e-05	0.05
55.5	0.0910372	5e-05	0.0139654	0.05	0.0139654	0.0910372	5e-05	0.05
56.5	0.0955825	5e-05	0.0132172	0.05	0.0132172	0.0955825	5e-05	0.05
57.5	0.100249	5e-05	0.0125159	0.05	0.0125159	0.100249	5e-05	0.05
58.5	0.105036	5e-05	0.0118583	0.05	0.0118583	0.105036	5e-05	0.05
59.5	0.109938	5e-05	0.0112413	0.05	0.0112413	0.109938	5e-05	0.05
60.5	0.114955	5e-05	0.0106622	0.05	0.0106622	0.114955	5e-05	0.05
61.5	0.120084	5e-05	0.0101185	0.05	0.0101185	0.120084	5e-05	0.05
62.5	0.12532	5e-05	0.00960785	0.05	0.00960785	0.12532	5e-05	0.05
63.5	0.130662	5e-05	0.00912805	0.05	0.00912805	0.130662	5e-05	0.05
64.5	0.136106	5e-05	0.00867708	0.05	0.00867708	0.136106	5e-05	0.05
65.5	0.141649	5e-05	0.00825309	0.05	0.00825309	0.141649	5e-05	0.05
66.5	0.147287	5e-05	0.00785434	0.05	0.00785434	0.147287	5e-05	0.05
67.5	0.153017	5e-05	0.0074792	0.05	0.0074792	0.153017	5e-05	0.05
68.5	0.158836	5e-05	0.0071262	0.05	0.0071262	0.158836	5e-05	0.05
69.5	0.16474	5e-05	0.00679393	0.05	0.00679393	0.16474	5e-05	0.05
70.5	0.170725	5e-05	0.0064811	0.05	0.0064811	0.170725	5e-05	0.05
71.5	0.176788	5e-05	0.00618651	0.05	0.00618651	0.176788	5e-05	0.05
72.5	0.182925	5e-05	0.00590903	0.05	0.00590903	0.182925	5e-05	0.05
73.5	0.189132	5e-05	0.00564762	0.05	0.00564762	0.189132	5e-05	0.05
74.5	0.195406	5e-05	0.0054013	0.05	0.0054013	0.195406	5e-05	0.05
75.5	0.201743	5e-05	0.00516917	0.05	0.00516917	0.201743	5e-05	0.05
76.5	0.208139	5e-05	0.00495037	0.05	0.00495037	0.208139	5e-05	0.05
77.5	0.21459	5e-05	0.00474412	0.05	0.00474412	0.21459	5e-05	0.05
78.5	0.221093	5e-05	0.00454966	0.05	0.00454966	0.221093	5e-05	0.05
79.5	0.227645	5e-05	0.00436631	0.05	0.00436631	0.227645	5e-05	0.05
80.5	0.23424	5e-05	0.00419342	0.05	0.00419342	0.23424	5e-05	0.05
81.5	0.240876	5e-05	0.00403039	0.05	0.00403039	0.240876	5e-05	0.05
82.5	0.247549	5e-05	0.00387663	0.05	0.00387663	0.247549	5e-05	0.05
83.5	0.254256	5e-05	0.00373163	0.05	0.00373163	0.254256	5e-05	0.05
84.5	0.260992	5e-05	0.00359488	0.05	0.00359488	0.260992	5e-05	0.05
85.5	0.267755	5e-05	0.00346591	0.05	0.00346591	0.267755	5e-05	0.05
86.5	0.274541	5e-05	0.00334429	0.05	0.00334429	0.274541	5e-05	0.05
87.5	0.281346	5e-05	0.0032296	0.05	0.0032296	0.281346	5e-05	0.05
88.5	0.288167	5e-05	0.00312145	0.05	0.00312145	0.288167	5e-05	0.05
89.5	0.295002	5e-05	0.00301949	0.05	0.00301949	0.295002	5e-05	0.05
90.5	0.301846	5e-05	0.00292336	0.05	0.00292336	0.301846	5e-05	0.05
91.5	0.308696	5e-05	0.00283276	0.05	0.00283276	0.308696	5e-05	0.05
92.5	0.31555	5e-05	0.00274736	0.05	0.00274736	0.31555	5e-05	0.05
93.5	0.322405	5e-05	0.0026669	0.05	0.0026669	0.322405	5e-05	0.05
94.5	0.329257	5e-05	0.0025911	0.05	0.0025911	0.329257	5e-05	0.05
95.5	0.336103	5e-05	0.0025197	0.05	0.0025197	0.336103	5e-05	0.05
96.5	0.342942	5e-05	0.00245248	0.05	0.00245248	0.342942	5e-05	0.05
97.5	0.349769	5e-05	0.0023892	0.05	0.0023892	0.349769	5e-05	0.05
98.5	0.356583	5e-05	0.00232966	0.05	0.00232966	0.356583	5e-05	0.05
99.5	0.363381	5e-05	0.00227365	0.05	0.00227365	0.363381	5e-05	0.05
0 unlabeled lines
