1     	0     	5.167e-06	0     	0     	0.099602	0.10755	0.099701
2     	0     	1.5312e-05	0     	0     	0.099205	0.11561	0.099403
3     	0     	3.0249e-05	0     	0     	0.09881	0.1242	0.099105
4     	0     	4.9793e-05	0     	0     	0.098416	0.13335	0.098809
5     	0     	7.3759e-05	0     	0     	0.098024	0.14308	0.098513
6     	0     	0.00010197	0     	0     	0.097633	0.15341	0.098219
7     	0.94921	0.00013424	0     	0     	0.097244	0.16437	0.097925
8     	1.8034	0.00017039	0     	0     	0.096857	0.176 	0.097632
9     	2.5715	0.00021025	0     	0     	0.096471	0.1883	0.09734
10    	3.2619	0.00025309	5.378e-07	0.018404	0.096087	0.2013	0.097049
11    	3.8819	0.00029834	1.9807e-06	0.04248	0.095704	0.21503	0.096759
12    	4.4383	0.00034537	4.7385e-06	0.071039	0.095323	0.2295	0.096469
13    	4.9371	0.00039351	9.2457e-06	0.10315	0.094943	0.24474	0.096181
14    	5.3838	0.00044209	1.5944e-05	0.13808	0.094565	0.26076	0.095893
15    	5.7835	0.00049041	2.5263e-05	0.17524	0.094188	0.27759	0.095606
16    	6.1405	0.00053781	3.7605e-05	0.21415	0.093813	0.29524	0.095321
17    	6.4591	0.00058365	5.3328e-05	0.25444	0.093439	0.31371	0.095036
18    	6.7428	0.00062735	7.2734e-05	0.29578	0.093067	0.33303	0.094752
19    	6.9951	0.00066838	9.6059e-05	0.33792	0.092697	0.35321	0.094469
20    	7.2189	0.00070629	0.00012346	0.38064	0.092328	0.37425	0.094186
21    	7.417 	0.00074071	0.00015503	0.42375	0.091961	0.39615	0.093905
22    	7.5918	0.00077135	0.00019076	0.4671	0.091596	0.41894	0.093625
23    	7.7456	0.00079802	0.00023059	0.51057	0.091232	0.4426	0.093346
24    	7.8803	0.00082058	0.00027435	0.55404	0.09087	0.46713	0.093067
25    	7.9979	0.000839	0.00032184	0.59743	0.090509	0.49255	0.09279
26    	8.1   	0.00085332	0.00037278	0.64066	0.09015	0.51884	0.092514
27    	8.1881	0.00086364	0.00042684	0.68365	0.089793	0.546 	0.092238
28    	8.2635	0.00087012	0.00048366	0.72636	0.089437	0.57403	0.091964
29    	8.3274	0.00087297	0.00054283	0.76872	0.089083	0.60291	0.091691
30    	8.3811	0.00087244	0.00060395	0.8107	0.088731	0.63265	0.091419
31    	8.4254	0.00086882	0.00066659	0.85227	0.088381	0.66322	0.091147
32    	8.4613	0.00086239	0.00073031	0.89339	0.088032	0.69463	0.090877
33    	8.4896	0.00085347	0.00079471	0.93404	0.087685	0.72685	0.090608
34    	8.511 	0.00084238	0.00085938	0.97419	0.087339	0.75987	0.09034
35    	8.5263	0.00082942	0.00092394	1.0138	0.086996	0.79368	0.090073
36    	8.536 	0.0008149	0.00098804	1.0529	0.086653	0.82827	0.089807
37    	8.5407	0.0007991	0.0010513	1.0915	0.086313	0.86362	0.089542
38    	8.5409	0.00078229	0.0011136	1.1295	0.085974	0.8997	0.089277
39    	8.537 	0.00076472	0.0011745	1.167 	0.085637	0.93652	0.089014
40    	8.5294	0.00074662	0.0012338	1.2039	0.085301	0.97405	0.088752
41    	8.5185	0.00072819	0.0012913	1.2402	0.084967	1.0123	0.088491
42    	8.5047	0.0007096	0.001347	1.2759	0.084635	1.0512	0.088231
43    	8.4882	0.00069102	0.0014006	1.3111	0.084304	1.0907	0.087972
44    	8.4694	0.00067257	0.0014521	1.3457	0.083975	1.1309	0.087713
45    	8.4483	0.00065436	0.0015013	1.3796	0.083647	1.1717	0.087456
46    	8.4254	0.00063649	0.0015483	1.4131	0.083321	1.2132	0.087199
47    	8.4008	0.00061903	0.001593	1.4459	0.082996	1.2552	0.086944
48    	8.3746	0.00060203	0.0016355	1.4781	0.082673	1.2978	0.086689
49    	8.3471	0.00058554	0.0016756	1.5098	0.082351	1.3409	0.086436
50    	8.3183	0.00056959	0.0017135	1.5409	0.082031	1.3846	0.086183
51    	8.2885	0.00055419	0.0017492	1.5715	0.081712	1.4288	0.085931
52    	8.2577	0.00053935	0.0017826	1.6014	0.081394	1.4735	0.08568
53    	8.2261	0.00052508	0.001814	1.6308	0.081078	1.5187	0.085429
54    	8.1937	0.00051137	0.0018433	1.6597	0.080764	1.5644	0.08518
55    	8.1606	0.00049821	0.0018706	1.688 	0.08045	1.6105	0.084932
56    	8.127 	0.00048559	0.0018959	1.7157	0.080138	1.6571	0.084684
57    	8.0928	0.00047348	0.0019194	1.743 	0.079828	1.7041	0.084437
58    	8.0583	0.00046188	0.0019411	1.7696	0.079518	1.7515	0.084191
59    	8.0233	0.00045076	0.001961	1.7958	0.079211	1.7994	0.083945
60    	7.988 	0.00044009	0.0019793	1.8214	0.078904	1.8476	0.083701
61    	7.9525	0.00042986	0.0019959	1.8465	0.078599	1.8962	0.083457
62    	7.9167	0.00042005	0.0020111	1.8711	0.078295	1.9451	0.083214
63    	7.8807	0.00041063	0.0020247	1.8951	0.077992	1.9944	0.082972
64    	7.8446	0.00040159	0.002037	1.9187	0.07769	2.044 	0.082731
65    	7.8083	0.00039289	0.0020479	1.9418	0.07739	2.094 	0.08249
66    	7.772 	0.00038453	0.0020575	1.9644	0.077091	2.1443	0.08225
67    	7.7356	0.00037649	0.0020659	1.9865	0.076793	2.1948	0.082011
68    	7.6991	0.00036874	0.0020731	2.0081	0.076497	2.2457	0.081773
69    	7.6627	0.00036128	0.0020792	2.0292	0.076201	2.2968	0.081535
70    	7.6262	0.00035408	0.0020842	2.0499	0.075907	2.3483	0.081298
71    	7.5897	0.00034713	0.0020882	2.0701	0.075614	2.3999	0.081062
72    	7.5533	0.00034042	0.0020912	2.0899	0.075322	2.4518	0.080826
73    	7.5169	0.00033394	0.0020933	2.1092	0.075032	2.504 	0.080591
74    	7.4806	0.00032767	0.0020945	2.1281	0.074742	2.5564	0.080357
75    	7.4443	0.0003216	0.0020948	2.1465	0.074454	2.609 	0.080124
76    	7.4082	0.00031572	0.0020943	2.1645	0.074167	2.6619	0.079891
77    	7.3721	0.00031003	0.002093	2.1821	0.073881	2.7149	0.079659
78    	7.3361	0.00030451	0.002091	2.1993	0.073596	2.7681	0.079428
79    	7.3002	0.00029916	0.0020883	2.216 	0.073312	2.8215	0.079197
80    	7.2645	0.00029396	0.0020849	2.2324	0.07303	2.8752	0.078967
81    	7.2288	0.00028892	0.0020809	2.2483	0.072748	2.9289	0.078738
82    	7.1933	0.00028402	0.0020762	2.2639	0.072468	2.9829	0.07851
83    	7.1579	0.00027925	0.002071	2.279 	0.072188	3.037 	0.078282
84    	7.1226	0.00027462	0.0020652	2.2938	0.07191	3.0913	0.078054
85    	7.0875	0.00027012	0.0020589	2.3082	0.071633	3.1457	0.077828
86    	7.0525	0.00026573	0.0020521	2.3222	0.071357	3.2002	0.077602
87    	7.0176	0.00026147	0.0020448	2.3359	0.071082	3.2549	0.077376
88    	6.9829	0.00025731	0.002037	2.3492	0.070808	3.3097	0.077152
89    	6.9483	0.00025326	0.0020288	2.3621	0.070535	3.3647	0.076928
90    	6.9139	0.00024932	0.0020203	2.3747	0.070263	3.4197	0.076704
91    	6.8796	0.00024548	0.0020113	2.3869	0.069992	3.4749	0.076482
92    	6.8455	0.00024173	0.002002	2.3988	0.069722	3.5302	0.076259
93    	6.8116	0.00023807	0.0019923	2.4103	0.069454	3.5856	0.076038
94    	6.7777	0.0002345	0.0019823	2.4216	0.069186	3.6411	0.075817
95    	6.7441	0.00023102	0.001972	2.4324	0.068919	3.6966	0.075597
96    	6.7106	0.00022763	0.0019614	2.443 	0.068654	3.7523	0.075377
97    	6.6772	0.00022431	0.0019505	2.4532	0.068389	3.808 	0.075158
98    	6.644 	0.00022107	0.0019394	2.4632	0.068125	3.8639	0.07494
99    	6.611 	0.00021791	0.0019281	2.4728	0.067862	3.9198	0.074722
100   	6.5781	0.00021482	0.0019165	2.4821	0.067601	3.9757	0.074505
101   	6.5454	0.0002118	0.0019047	2.4911	0.06734	4.0318	0.074289
102   	6.5128	0.00020885	0.0018927	2.4998	0.06708	4.0879	0.074073
103   	6.4804	0.00020596	0.0018806	2.5083	0.066822	4.1441	0.073857
104   	6.4481	0.00020314	0.0018682	2.5164	0.066564	4.2003	0.073643
105   	6.416 	0.00020038	0.0018558	2.5243	0.066307	4.2565	0.073429
106   	6.3841	0.00019769	0.0018431	2.5318	0.066051	4.3129	0.073215
107   	6.3523	0.00019505	0.0018304	2.5391	0.065796	4.3692	0.073002
108   	6.3206	0.00019247	0.0018175	2.5462	0.065542	4.4256	0.07279
109   	6.2891	0.00018994	0.0018045	2.5529	0.065289	4.4821	0.072578
110   	6.2578	0.00018747	0.0017915	2.5594	0.065037	4.5385	0.072367
111   	6.2266	0.00018505	0.0017783	2.5657	0.064786	4.5951	0.072157
112   	6.1956	0.00018268	0.0017651	2.5716	0.064536	4.6516	0.071947
113   	6.1647	0.00018037	0.0017518	2.5774	0.064287	4.7082	0.071737
114   	6.134 	0.0001781	0.0017384	2.5829	0.064039	4.7648	0.071528
115   	6.1034	0.00017587	0.001725	2.5881	0.063792	4.8214	0.07132
116   	6.073 	0.0001737	0.0017115	2.5931	0.063545	4.878 	0.071113
117   	6.0427	0.00017157	0.001698	2.5979	0.0633	4.9347	0.070906
118   	6.0126	0.00016948	0.0016845	2.6024	0.063055	4.9913	0.070699
119   	5.9826	0.00016743	0.0016709	2.6067	0.062811	5.048 	0.070493
120   	5.9528	0.00016543	0.0016574	2.6108	0.062569	5.1047	0.070288
121   	5.9231	0.00016346	0.0016438	2.6146	0.062327	5.1614	0.070083
122   	5.8936	0.00016154	0.0016303	2.6183	0.062086	5.2181	0.069879
123   	5.8642	0.00015965	0.0016167	2.6217	0.061846	5.2748	0.069675
124   	5.8349	0.0001578	0.0016031	2.6249	0.061607	5.3315	0.069472
125   	5.8059	0.00015598	0.0015896	2.6279	0.061369	5.3882	0.06927
126   	5.7769	0.00015421	0.0015761	2.6307	0.061131	5.4449	0.069068
127   	5.7481	0.00015246	0.0015626	2.6332	0.060895	5.5016	0.068866
128   	5.7194	0.00015075	0.0015492	2.6356	0.060659	5.5583	0.068665
129   	5.6909	0.00014908	0.0015358	2.6378	0.060424	5.615 	0.068465
130   	5.6625	0.00014743	0.0015224	2.6398	0.060191	5.6716	0.068265
131   	5.6343	0.00014582	0.0015091	2.6416	0.059958	5.7283	0.068066
132   	5.6062	0.00014424	0.0014958	2.6432	0.059725	5.7849	0.067868
133   	5.5782	0.00014269	0.0014826	2.6447	0.059494	5.8415	0.06767
134   	5.5504	0.00014117	0.0014694	2.6459	0.059264	5.8981	0.067472
135   	5.5227	0.00013967	0.0014563	2.647 	0.059034	5.9547	0.067275
136   	5.4952	0.00013821	0.0014433	2.6479	0.058806	6.0113	0.067079
137   	5.4678	0.00013677	0.0014303	2.6486	0.058578	6.0679	0.066883
138   	5.4405	0.00013536	0.0014174	2.6491	0.058351	6.1244	0.066687
139   	5.4134	0.00013398	0.0014045	2.6495	0.058125	6.1809	0.066493
140   	5.3864	0.00013262	0.0013918	2.6497	0.057899	6.2373	0.066298
141   	5.3595	0.00013129	0.0013791	2.6498	0.057675	6.2938	0.066105
142   	5.3328	0.00012998	0.0013665	2.6497	0.057451	6.3502	0.065911
143   	5.3062	0.00012869	0.001354	2.6494	0.057229	6.4066	0.065719
144   	5.2797	0.00012743	0.0013415	2.649 	0.057007	6.463 	0.065527
145   	5.2534	0.00012619	0.0013292	2.6484	0.056786	6.5193	0.065335
146   	5.2272	0.00012498	0.0013169	2.6477	0.056565	6.5756	0.065144
147   	5.2011	0.00012378	0.0013047	2.6468	0.056346	6.6318	0.064954
148   	5.1752	0.00012261	0.0012926	2.6458	0.056127	6.688 	0.064764
149   	5.1494	0.00012146	0.0012806	2.6446	0.055909	6.7442	0.064574
150   	5.1237	0.00012033	0.0012687	2.6433	0.055692	6.8004	0.064385
151   	5.0981	0.00011922	0.0012569	2.6419	0.055476	6.8565	0.064197
152   	5.0727	0.00011814	0.0012451	2.6403	0.055261	6.9125	0.064009
153   	5.0474	0.00011707	0.0012335	2.6385	0.055046	6.9686	0.063822
154   	5.0222	0.00011602	0.001222	2.6367	0.054833	7.0245	0.063635
155   	4.9972	0.00011498	0.0012105	2.6347	0.05462	7.0805	0.063448
156   	4.9723	0.00011397	0.0011992	2.6326	0.054407	7.1364	0.063263
157   	4.9475	0.00011298	0.001188	2.6304	0.054196	7.1922	0.063077
158   	4.9228	0.000112	0.0011768	2.628 	0.053985	7.248 	0.062893
159   	4.8982	0.00011104	0.0011658	2.6255	0.053776	7.3038	0.062708
160   	4.8738	0.0001101	0.0011548	2.6229	0.053567	7.3595	0.062525
161   	4.8495	0.00010917	0.001144	2.6202	0.053358	7.4152	0.062341
162   	4.8253	0.00010826	0.0011333	2.6174	0.053151	7.4708	0.062159
163   	4.8013	0.00010737	0.0011226	2.6144	0.052944	7.5263	0.061977
164   	4.7773	0.00010649	0.0011121	2.6114	0.052738	7.5819	0.061795
165   	4.7535	0.00010563	0.0011016	2.6082	0.052533	7.6373	0.061614
166   	4.7298	0.00010478	0.0010913	2.6049	0.052329	7.6927	0.061433
167   	4.7062	0.00010395	0.0010811	2.6015	0.052125	7.7481	0.061253
168   	4.6827	0.00010313	0.0010709	2.598 	0.051922	7.8034	0.061073
169   	4.6594	0.00010232	0.0010609	2.5944	0.05172	7.8587	0.060894
170   	4.6361	0.00010154	0.001051	2.5907	0.051519	7.9139	0.060715
171   	4.613 	0.00010076	0.0010411	2.5869	0.051319	7.969 	0.060537
172   	4.59  	9.9998e-05	0.0010314	2.583 	0.051119	8.0241	0.06036
173   	4.5671	9.9249e-05	0.0010218	2.579 	0.05092	8.0791	0.060183
174   	4.5443	9.8514e-05	0.0010122	2.5749	0.050721	8.1341	0.060006
175   	4.5217	9.7791e-05	0.0010028	2.5708	0.050524	8.189 	0.05983
176   	4.4991	9.7081e-05	0.00099346	2.5665	0.050327	8.2439	0.059654
177   	4.4767	9.6383e-05	0.00098423	2.5621	0.050131	8.2987	0.059479
178   	4.4543	9.5698e-05	0.00097509	2.5577	0.049936	8.3534	0.059304
179   	4.4321	9.5024e-05	0.00096606	2.5532	0.049741	8.4081	0.05913
180   	4.41  	9.4362e-05	0.00095712	2.5485	0.049547	8.4627	0.058956
181   	4.388 	9.3712e-05	0.00094827	2.5438	0.049354	8.5173	0.058783
182   	4.3661	9.3073e-05	0.00093953	2.539 	0.049162	8.5718	0.058611
183   	4.3444	9.2446e-05	0.00093088	2.5342	0.04897	8.6262	0.058438
184   	4.3227	9.1829e-05	0.00092232	2.5292	0.048779	8.6806	0.058267
185   	4.3011	9.1223e-05	0.00091386	2.5242	0.048589	8.7349	0.058095
186   	4.2797	9.0628e-05	0.0009055	2.5191	0.0484	8.7891	0.057925
187   	4.2583	9.0043e-05	0.00089723	2.5139	0.048211	8.8433	0.057754
188   	4.2371	8.9469e-05	0.00088905	2.5087	0.048023	8.8975	0.057585
189   	4.216 	8.8904e-05	0.00088096	2.5034	0.047835	8.9515	0.057415
190   	4.1949	8.8349e-05	0.00087297	2.498 	0.047649	9.0055	0.057246
191   	4.174 	8.7805e-05	0.00086506	2.4925	0.047463	9.0594	0.057078
192   	4.1532	8.7269e-05	0.00085725	2.487 	0.047278	9.1133	0.05691
193   	4.1325	8.6744e-05	0.00084953	2.4814	0.047093	9.1671	0.056743
194   	4.1119	8.6227e-05	0.00084189	2.4757	0.046909	9.2208	0.056576
195   	4.0914	8.572e-05	0.00083435	2.47  	0.046726	9.2745	0.056409
196   	4.071 	8.5221e-05	0.00082689	2.4642	0.046544	9.3281	0.056243
197   	4.0507	8.4732e-05	0.00081951	2.4584	0.046362	9.3816	0.056078
198   	4.0305	8.4251e-05	0.00081223	2.4525	0.046181	9.4351	0.055913
199   	4.0103	8.3778e-05	0.00080503	2.4465	0.046001	9.4885	0.055748
200   	3.9903	8.3315e-05	0.00079791	2.4404	0.045821	9.5418	0.055584
201   	3.9704	8.2859e-05	0.00079088	2.4344	0.045642	9.5951	0.055421
202   	3.9506	8.2412e-05	0.00078393	2.4282	0.045464	9.6483	0.055257
203   	3.9309	8.1972e-05	0.00077706	2.422 	0.045286	9.7014	0.055095
204   	3.9113	8.1541e-05	0.00077027	2.4158	0.045109	9.7544	0.054933
205   	3.8918	8.1117e-05	0.00076357	2.4095	0.044933	9.8074	0.054771
206   	3.8724	8.0701e-05	0.00075694	2.4031	0.044757	9.8603	0.05461
207   	3.8531	8.0293e-05	0.00075039	2.3967	0.044582	9.9132	0.054449
208   	3.8339	7.9892e-05	0.00074392	2.3902	0.044408	9.966 	0.054288
209   	3.8148	7.9498e-05	0.00073753	2.3837	0.044235	10.019	0.054128
210   	3.7957	7.9112e-05	0.00073121	2.3772	0.044062	10.071	0.053969
211   	3.7768	7.8733e-05	0.00072497	2.3706	0.043889	10.124	0.05381
212   	3.758 	7.836e-05	0.00071881	2.3639	0.043718	10.176	0.053651
213   	3.7392	7.7995e-05	0.00071272	2.3573	0.043547	10.229	0.053493
214   	3.7206	7.7637e-05	0.0007067	2.3505	0.043377	10.281	0.053336
215   	3.702 	7.7285e-05	0.00070076	2.3437	0.043207	10.333	0.053178
216   	3.6836	7.694e-05	0.00069489	2.3369	0.043038	10.386	0.053022
217   	3.6652	7.6601e-05	0.00068908	2.3301	0.04287	10.438	0.052865
218   	3.6469	7.6269e-05	0.00068335	2.3232	0.042702	10.49 	0.052709
219   	3.6287	7.5943e-05	0.00067769	2.3162	0.042535	10.542	0.052554
220   	3.6106	7.5623e-05	0.0006721	2.3093	0.042368	10.594	0.052399
221   	3.5926	7.531e-05	0.00066657	2.3023	0.042203	10.646	0.052245
222   	3.5747	7.5002e-05	0.00066111	2.2952	0.042038	10.697	0.052091
223   	3.5569	7.4701e-05	0.00065572	2.2881	0.041873	10.749	0.051937
224   	3.5391	7.4406e-05	0.0006504	2.281 	0.041709	10.801	0.051784
225   	3.5215	7.4116e-05	0.00064514	2.2739	0.041546	10.852	0.051631
226   	3.5039	7.3832e-05	0.00063994	2.2667	0.041383	10.904	0.051479
227   	3.4864	7.3554e-05	0.0006348	2.2595	0.041221	10.955	0.051327
228   	3.469 	7.3281e-05	0.00062973	2.2522	0.04106	11.006	0.051175
229   	3.4517	7.3014e-05	0.00062472	2.2449	0.040899	11.058	0.051024
230   	3.4345	7.2753e-05	0.00061978	2.2376	0.040739	11.109	0.050874
231   	3.4174	7.2496e-05	0.00061489	2.2303	0.040579	11.16 	0.050724
232   	3.4004	7.2245e-05	0.00061006	2.2229	0.040421	11.211	0.050574
233   	3.3834	7.2e-05	0.00060529	2.2155	0.040262	11.262	0.050425
234   	3.3665	7.1759e-05	0.00060058	2.2081	0.040105	11.313	0.050276
235   	3.3497	7.1524e-05	0.00059593	2.2007	0.039948	11.364	0.050128
236   	3.333 	7.1294e-05	0.00059133	2.1932	0.039791	11.414	0.04998
237   	3.3164	7.1068e-05	0.00058679	2.1857	0.039635	11.465	0.049832
238   	3.2999	7.0848e-05	0.0005823	2.1782	0.03948	11.515	0.049685
239   	3.2834	7.0632e-05	0.00057787	2.1706	0.039325	11.566	0.049538
240   	3.267 	7.0422e-05	0.0005735	2.1631	0.039171	11.616	0.049392
241   	3.2507	7.0216e-05	0.00056917	2.1555	0.039018	11.667	0.049246
242   	3.2345	7.0014e-05	0.0005649	2.1479	0.038865	11.717	0.049101
243   	3.2184	6.9818e-05	0.00056069	2.1403	0.038712	11.767	0.048956
244   	3.2023	6.9626e-05	0.00055652	2.1326	0.038561	11.817	0.048811
245   	3.1864	6.9438e-05	0.0005524	2.1249	0.03841	11.867	0.048667
246   	3.1705	6.9255e-05	0.00054834	2.1173	0.038259	11.917	0.048523
247   	3.1547	6.9076e-05	0.00054432	2.1096	0.038109	11.967	0.04838
248   	3.1389	6.8902e-05	0.00054035	2.1018	0.03796	12.017	0.048237
249   	3.1233	6.8732e-05	0.00053643	2.0941	0.037811	12.067	0.048094
250   	3.1077	6.8567e-05	0.00053256	2.0863	0.037663	12.117	0.047952
251   	3.0922	6.8405e-05	0.00052873	2.0786	0.037515	12.166	0.047811
252   	3.0768	6.8248e-05	0.00052496	2.0708	0.037368	12.216	0.047669
253   	3.0614	6.8095e-05	0.00052122	2.063 	0.037221	12.265	0.047529
254   	3.0461	6.7946e-05	0.00051753	2.0552	0.037075	12.314	0.047388
255   	3.031 	6.7801e-05	0.00051389	2.0474	0.03693	12.364	0.047248
256   	3.0158	6.766e-05	0.00051029	2.0395	0.036785	12.413	0.047109
257   	3.0008	6.7523e-05	0.00050673	2.0317	0.036641	12.462	0.046969
258   	2.9858	6.739e-05	0.00050322	2.0238	0.036497	12.511	0.046831
259   	2.9709	6.7261e-05	0.00049975	2.0159	0.036354	12.56 	0.046692
260   	2.9561	6.7136e-05	0.00049632	2.008 	0.036212	12.609	0.046554
261   	2.9414	6.7014e-05	0.00049293	2.0002	0.03607	12.658	0.046416
262   	2.9267	6.6897e-05	0.00048958	1.9922	0.035928	12.707	0.046279
263   	2.9121	6.6783e-05	0.00048627	1.9843	0.035787	12.755	0.046142
264   	2.8976	6.6672e-05	0.00048301	1.9764	0.035647	12.804	0.046006
265   	2.8831	6.6566e-05	0.00047978	1.9685	0.035507	12.852	0.04587
266   	2.8688	6.6463e-05	0.00047659	1.9605	0.035368	12.901	0.045734
267   	2.8544	6.6364e-05	0.00047343	1.9526	0.035229	12.949	0.045599
268   	2.8402	6.6268e-05	0.00047032	1.9446	0.035091	12.997	0.045464
269   	2.826 	6.6176e-05	0.00046724	1.9367	0.034953	13.046	0.04533
270   	2.812 	6.6087e-05	0.0004642	1.9287	0.034816	13.094	0.045196
271   	2.7979	6.6002e-05	0.00046119	1.9208	0.034679	13.142	0.045062
272   	2.784 	6.592e-05	0.00045822	1.9128	0.034543	13.19 	0.044929
273   	2.7701	6.5841e-05	0.00045528	1.9048	0.034407	13.238	0.044796
274   	2.7563	6.5766e-05	0.00045238	1.8968	0.034272	13.286	0.044664
275   	2.7425	6.5695e-05	0.00044951	1.8888	0.034138	13.333	0.044532
276   	2.7288	6.5627e-05	0.00044668	1.8808	0.034004	13.381	0.0444
277   	2.7152	6.5562e-05	0.00044388	1.8729	0.03387	13.429	0.044269
278   	2.7017	6.55e-05	0.00044111	1.8649	0.033738	13.476	0.044138
279   	2.6882	6.5441e-05	0.00043837	1.8569	0.033605	13.524	0.044007
280   	2.6748	6.5386e-05	0.00043567	1.8489	0.033473	13.571	0.043877
281   	2.6615	6.5334e-05	0.000433	1.8409	0.033342	13.618	0.043747
282   	2.6482	6.5285e-05	0.00043035	1.8329	0.033211	13.665	0.043618
283   	2.635 	6.524e-05	0.00042774	1.8249	0.033081	13.713	0.043489
284   	2.6218	6.5197e-05	0.00042516	1.8169	0.032951	13.76 	0.04336
285   	2.6088	6.5158e-05	0.00042261	1.8089	0.032821	13.807	0.043232
286   	2.5958	6.5122e-05	0.00042009	1.8009	0.032692	13.854	0.043104
287   	2.5828	6.5088e-05	0.00041759	1.7929	0.032564	13.9  	0.042976
288   	2.5699	6.5058e-05	0.00041513	1.7849	0.032436	13.947	0.042849
289   	2.5571	6.5031e-05	0.00041269	1.7769	0.032309	13.994	0.042722
290   	2.5444	6.5007e-05	0.00041028	1.7689	0.032182	14.04 	0.042596
291   	2.5317	6.4986e-05	0.0004079	1.7609	0.032056	14.087	0.04247
292   	2.519 	6.4968e-05	0.00040555	1.7529	0.03193	14.133	0.042344
293   	2.5065	6.4953e-05	0.00040322	1.7449	0.031804	14.18 	0.042219
294   	2.494 	6.4941e-05	0.00040091	1.7369	0.031679	14.226	0.042094
295   	2.4815	6.4931e-05	0.00039864	1.7289	0.031555	14.272	0.041969
296   	2.4692	6.4925e-05	0.00039639	1.7209	0.031431	14.318	0.041845
297   	2.4568	6.4922e-05	0.00039416	1.713 	0.031308	14.364	0.041721
298   	2.4446	6.4921e-05	0.00039196	1.705 	0.031185	14.41 	0.041598
299   	2.4324	6.4924e-05	0.00038978	1.697 	0.031062	14.456	0.041475
300   	2.4203	6.4929e-05	0.00038763	1.6891	0.03094	14.502	0.041352
