1     	0     	5e-05 	0.010825	0     	1.0595e-09
2     	0     	5e-05 	0.011725	8.1585e-06	1.7664e-09
3     	0     	5e-05 	0.011708	1.6301e-05	4.952e-09
4     	0     	5e-05 	0.01169	2.4426e-05	7.775e-09
5     	0     	5e-05 	0.011673	3.2536e-05	9.8772e-09
6     	0     	5e-05 	0.011657	4.0629e-05	1.1527e-08
7     	0     	5e-05 	0.01164	4.8706e-05	1.2883e-08
8     	0     	5e-05 	0.011624	5.6767e-05	1.4021e-08
9     	0     	5e-05 	0.011609	6.4811e-05	1.4991e-08
10    	0     	5e-05 	0.011593	7.284e-05	1.5824e-08
11    	0     	5e-05 	0.011578	8.0852e-05	1.6547e-08
12    	0     	5e-05 	0.011564	8.8848e-05	1.7179e-08
13    	0     	5e-05 	0.011549	9.6829e-05	1.7734e-08
14    	0     	5e-05 	0.011535	0.00010479	1.8224e-08
15    	0     	5e-05 	0.011521	0.00011274	1.8659e-08
16    	0     	5e-05 	0.011507	0.00012067	1.9047e-08
17    	0     	5e-05 	0.011494	0.00012859	1.9394e-08
18    	0     	5e-05 	0.011481	0.00013649	1.9707e-08
19    	0     	5e-05 	0.011468	0.00014437	1.999e-08
20    	0     	5e-05 	0.011456	0.00015224	2.0246e-08
21    	0     	5e-05 	0.011443	0.0001601	2.048e-08
22    	0     	5e-05 	0.011431	0.00016793	2.0694e-08
23    	0     	5e-05 	0.011419	0.00017576	2.0891e-08
24    	0     	5e-05 	0.011408	0.00018356	2.1073e-08
25    	0     	5e-05 	0.011396	0.00019135	2.1242e-08
26    	0     	5e-05 	0.011385	0.00019913	2.14e-08
27    	0     	5e-05 	0.011374	0.00020689	2.1549e-08
28    	0     	5e-05 	0.011363	0.00021463	2.169e-08
29    	0     	5e-05 	0.011353	0.00022236	2.1824e-08
30    	0     	5e-05 	0.011343	0.00023007	2.1953e-08
31    	0     	5e-05 	0.011333	0.00023777	2.2077e-08
32    	0     	5e-05 	0.011323	0.00024545	2.2197e-08
33    	0     	5e-05 	0.011313	0.00025311	2.2314e-08
34    	0     	5e-05 	0.011303	0.00026076	2.2429e-08
35    	0     	5e-05 	0.011294	0.0002684	2.2542e-08
36    	0     	5e-05 	0.011285	0.00027602	2.2655e-08
37    	0     	5e-05 	0.011276	0.00028362	2.2767e-08
38    	0     	5e-05 	0.011267	0.00029121	2.2878e-08
39    	0     	5e-05 	0.011259	0.00029879	2.2991e-08
40    	0     	5e-05 	0.01125	0.00030635	2.3103e-08
41    	0     	5e-05 	0.011242	0.00031389	2.3217e-08
42    	0     	5e-05 	0.011234	0.00032142	2.3332e-08
43    	0     	5e-05 	0.011226	0.00032893	2.3448e-08
44    	0     	5e-05 	0.011218	0.00033643	2.3566e-08
45    	0     	5e-05 	0.01121	0.00034392	2.3686e-08
46    	0     	5e-05 	0.011203	0.00035138	2.3807e-08
47    	0     	5e-05 	0.011195	0.00035884	2.393e-08
48    	0     	5e-05 	0.011188	0.00036628	2.4055e-08
49    	0     	5e-05 	0.011181	0.0003737	2.4182e-08
50    	0     	5e-05 	0.011174	0.00038111	2.4311e-08
51    	0     	5e-05 	0.011167	0.0003885	2.4442e-08
52    	0     	5e-05 	0.011161	0.00039588	2.4574e-08
53    	0     	5e-05 	0.011154	0.00040325	2.4709e-08
54    	0     	5e-05 	0.011148	0.0004106	2.4845e-08
55    	0     	5e-05 	0.011141	0.00041793	2.4982e-08
56    	0     	5e-05 	0.011135	0.00042525	2.5121e-08
57    	0     	5e-05 	0.011129	0.00043256	2.5262e-08
58    	0     	5e-05 	0.011123	0.00043985	2.5404e-08
59    	0     	5e-05 	0.011117	0.00044712	2.5547e-08
60    	0     	5e-05 	0.011112	0.00045438	2.5691e-08
61    	0     	5e-05 	0.011106	0.00046163	2.5836e-08
62    	0     	5e-05 	0.011101	0.00046886	2.5982e-08
63    	0     	5e-05 	0.011095	0.00047608	2.6128e-08
64    	0     	5e-05 	0.01109	0.00048328	2.6275e-08
65    	0     	5e-05 	0.011085	0.00049047	2.6423e-08
66    	0     	5e-05 	0.01108	0.00049765	2.657e-08
67    	0     	5e-05 	0.011075	0.00050481	2.6718e-08
68    	0     	5e-05 	0.01107	0.00051195	2.6866e-08
69    	0     	5e-05 	0.011065	0.00051909	2.7013e-08
70    	0     	5e-05 	0.011061	0.0005262	2.716e-08
71    	0     	5e-05 	0.011056	0.0005333	2.7307e-08
72    	0     	5e-05 	0.011052	0.00054039	2.7453e-08
73    	0     	5e-05 	0.011047	0.00054747	2.7599e-08
74    	0     	5e-05 	0.011043	0.00055453	2.7744e-08
75    	0     	5e-05 	0.011039	0.00056157	2.7888e-08
76    	0     	5e-05 	0.011034	0.00056861	2.8032e-08
77    	0     	5e-05 	0.01103	0.00057562	2.8174e-08
78    	0     	5e-05 	0.011026	0.00058263	2.8315e-08
79    	0     	5e-05 	0.011022	0.00058962	2.8455e-08
80    	0     	5e-05 	0.011019	0.00059659	2.8594e-08
81    	0     	5e-05 	0.011015	0.00060355	2.8732e-08
82    	0     	5e-05 	0.011011	0.0006105	2.8868e-08
83    	0     	5e-05 	0.011008	0.00061744	2.9003e-08
84    	0     	5e-05 	0.011004	0.00062436	2.9136e-08
85    	0     	5e-05 	0.011001	0.00063126	2.9268e-08
86    	0     	5e-05 	0.010997	0.00063815	2.9398e-08
87    	0     	5e-05 	0.010994	0.00064503	2.9527e-08
88    	0     	5e-05 	0.010991	0.0006519	2.9654e-08
89    	0     	5e-05 	0.010987	0.00065875	2.9779e-08
90    	0     	5e-05 	0.010984	0.00066558	2.9903e-08
91    	0     	5e-05 	0.010981	0.00067241	3.0025e-08
92    	0     	5e-05 	0.010978	0.00067922	3.0145e-08
93    	0     	5e-05 	0.010975	0.00068601	3.0264e-08
94    	0     	5e-05 	0.010972	0.00069279	3.0381e-08
95    	0     	5e-05 	0.010969	0.00069956	3.0496e-08
96    	0     	5e-05 	0.010966	0.00070632	3.0609e-08
97    	0     	5e-05 	0.010964	0.00071306	3.072e-08
98    	0     	5e-05 	0.010961	0.00071979	3.083e-08
99    	0     	5e-05 	0.010958	0.0007265	3.0938e-08
100   	0     	5e-05 	0.010956	0.0007332	3.1044e-08
101   	0.019781	5e-05 	0.010953	0.00073989	3.1149e-08
102   	0.039132	5e-05 	0.010951	0.00074656	3.1251e-08
103   	0.058059	5e-05 	0.011045	0.00075323	3.163e-08
104   	0.076573	5e-05 	0.011233	0.00075987	3.2276e-08
105   	0.09468	5e-05 	0.01151	0.00076651	3.318e-08
106   	0.11239	5e-05 	0.011872	0.00077313	3.4335e-08
107   	0.12971	5e-05 	0.012316	0.00077974	3.5732e-08
108   	0.14665	5e-05 	0.012838	0.00078633	3.7362e-08
109   	0.16321	5e-05 	0.013434	0.00079291	3.9218e-08
110   	0.17941	5e-05 	0.014102	0.00079948	4.1291e-08
111   	0.19525	5e-05 	0.014839	0.00080603	4.3574e-08
112   	0.21073	5e-05 	0.01564	0.00081257	4.6058e-08
113   	0.22587	5e-05 	0.016503	0.0008191	4.8737e-08
114   	0.24067	5e-05 	0.017426	0.00082562	5.1601e-08
115   	0.25514	5e-05 	0.018404	0.00083212	5.4645e-08
116   	0.26929	5e-05 	0.019436	0.00083861	5.7861e-08
117   	0.28311	5e-05 	0.020519	0.00084509	6.1241e-08
118   	0.29663	5e-05 	0.02165	0.00085155	6.4779e-08
119   	0.30984	5e-05 	0.022827	0.000858	6.8468e-08
120   	0.32274	5e-05 	0.024047	0.00086444	7.2301e-08
121   	0.33536	5e-05 	0.025308	0.00087086	7.6272e-08
122   	0.34769	5e-05 	0.026608	0.00087727	8.0373e-08
123   	0.35973	5e-05 	0.027944	0.00088367	8.46e-08
124   	0.3715	5e-05 	0.029315	0.00089006	8.8945e-08
125   	0.383 	5e-05 	0.030717	0.00089643	9.3402e-08
126   	0.39423	5e-05 	0.032151	0.00090279	9.7966e-08
127   	0.4052	5e-05 	0.033612	0.00090914	1.0263e-07
128   	0.41592	5e-05 	0.0351	0.00091547	1.0739e-07
129   	0.42639	5e-05 	0.036613	0.00092179	1.1224e-07
130   	0.43661	5e-05 	0.038149	0.0009281	1.1718e-07
131   	0.4466	5e-05 	0.039707	0.0009344	1.2219e-07
132   	0.45635	5e-05 	0.041284	0.00094068	1.2728e-07
133   	0.46587	5e-05 	0.042879	0.00094695	1.3244e-07
134   	0.47516	5e-05 	0.044492	0.00095321	1.3766e-07
135   	0.48423	5e-05 	0.046119	0.00095946	1.4294e-07
136   	0.49309	5e-05 	0.04776	0.00096569	1.4828e-07
137   	0.50173	5e-05 	0.049414	0.00097191	1.5367e-07
138   	0.51017	5e-05 	0.051079	0.00097812	1.591e-07
139   	0.5184	5e-05 	0.052754	0.00098432	1.6458e-07
140   	0.52643	5e-05 	0.054437	0.0009905	1.701e-07
141   	0.53427	5e-05 	0.056128	0.00099667	1.7565e-07
142   	0.54191	5e-05 	0.057826	0.0010028	1.8123e-07
143   	0.54937	5e-05 	0.059529	0.001009	1.8684e-07
144   	0.55664	5e-05 	0.061236	0.0010151	1.9247e-07
145   	0.56374	5e-05 	0.062947	0.0010212	1.9812e-07
146   	0.57065	5e-05 	0.06466	0.0010273	2.0379e-07
147   	0.57739	5e-05 	0.066375	0.0010334	2.0947e-07
148   	0.58397	5e-05 	0.06809	0.0010395	2.1516e-07
149   	0.59038	5e-05 	0.069805	0.0010456	2.2086e-07
150   	0.59662	5e-05 	0.071518	0.0010517	2.2656e-07
151   	0.60271	5e-05 	0.07323	0.0010577	2.3227e-07
152   	0.60863	5e-05 	0.074939	0.0010637	2.3797e-07
153   	0.61441	5e-05 	0.076645	0.0010698	2.4367e-07
154   	0.62004	5e-05 	0.078346	0.0010758	2.4937e-07
155   	0.62551	5e-05 	0.080043	0.0010818	2.5505e-07
156   	0.63085	5e-05 	0.081735	0.0010878	2.6073e-07
157   	0.63604	5e-05 	0.08342	0.0010937	2.6639e-07
158   	0.6411	5e-05 	0.085099	0.0010997	2.7203e-07
159   	0.64602	5e-05 	0.086771	0.0011057	2.7766e-07
160   	0.65081	5e-05 	0.088435	0.0011116	2.8327e-07
161   	0.65546	5e-05 	0.090091	0.0011175	2.8886e-07
162   	0.66  	5e-05 	0.091738	0.0011234	2.9442e-07
163   	0.6644	5e-05 	0.093376	0.0011294	2.9996e-07
164   	0.66868	5e-05 	0.095005	0.0011352	3.0547e-07
165   	0.67285	5e-05 	0.096624	0.0011411	3.1095e-07
166   	0.6769	5e-05 	0.098232	0.001147	3.164e-07
167   	0.68083	5e-05 	0.099829	0.0011529	3.2182e-07
168   	0.68465	5e-05 	0.10142	0.0011587	3.2721e-07
169   	0.68836	5e-05 	0.10299	0.0011645	3.3257e-07
170   	0.69196	5e-05 	0.10455	0.0011704	3.3788e-07
171   	0.69545	5e-05 	0.1061	0.0011762	3.4317e-07
172   	0.69884	5e-05 	0.10764	0.001182	3.4841e-07
173   	0.70213	5e-05 	0.10917	0.0011878	3.5361e-07
174   	0.70533	5e-05 	0.11068	0.0011935	3.5878e-07
175   	0.70842	5e-05 	0.11218	0.0011993	3.639e-07
176   	0.71142	5e-05 	0.11367	0.001205	3.6898e-07
177   	0.71432	5e-05 	0.11514	0.0012108	3.7402e-07
178   	0.71714	5e-05 	0.1166	0.0012165	3.7902e-07
179   	0.71986	5e-05 	0.11805	0.0012222	3.8397e-07
180   	0.7225	5e-05 	0.11948	0.0012279	3.8887e-07
181   	0.72505	5e-05 	0.12089	0.0012336	3.9373e-07
182   	0.72751	5e-05 	0.1223	0.0012393	3.9855e-07
183   	0.7299	5e-05 	0.12368	0.001245	4.0331e-07
184   	0.7322	5e-05 	0.12506	0.0012507	4.0803e-07
185   	0.73442	5e-05 	0.12641	0.0012563	4.127e-07
186   	0.73657	5e-05 	0.12776	0.0012619	4.1732e-07
187   	0.73864	5e-05 	0.12909	0.0012676	4.2189e-07
188   	0.74064	5e-05 	0.1304	0.0012732	4.2641e-07
189   	0.74256	5e-05 	0.1317	0.0012788	4.3089e-07
190   	0.74441	5e-05 	0.13298	0.0012844	4.3531e-07
191   	0.7462	5e-05 	0.13425	0.00129	4.3968e-07
192   	0.74791	5e-05 	0.1355	0.0012955	4.44e-07
193   	0.74956	5e-05 	0.13673	0.0013011	4.4827e-07
194   	0.75114	5e-05 	0.13796	0.0013066	4.5249e-07
195   	0.75266	5e-05 	0.13916	0.0013122	4.5665e-07
196   	0.75411	5e-05 	0.14035	0.0013177	4.6077e-07
197   	0.7555	5e-05 	0.14153	0.0013232	4.6483e-07
198   	0.75684	5e-05 	0.14269	0.0013287	4.6884e-07
199   	0.75811	5e-05 	0.14383	0.0013342	4.728e-07
200   	0.75933	5e-05 	0.14496	0.0013397	4.7671e-07
201   	0.76049	5e-05 	0.14607	0.0013452	4.8057e-07
202   	0.76159	5e-05 	0.14717	0.0013506	4.8437e-07
203   	0.76264	5e-05 	0.14825	0.0013561	4.8812e-07
204   	0.76364	5e-05 	0.14932	0.0013615	4.9182e-07
205   	0.76459	5e-05 	0.15037	0.0013669	4.9547e-07
206   	0.76548	5e-05 	0.1514	0.0013724	4.9907e-07
207   	0.76633	5e-05 	0.15243	0.0013778	5.0261e-07
208   	0.76712	5e-05 	0.15343	0.0013832	5.0611e-07
209   	0.76787	5e-05 	0.15442	0.0013885	5.0955e-07
210   	0.76857	5e-05 	0.1554	0.0013939	5.1294e-07
211   	0.76923	5e-05 	0.15636	0.0013993	5.1628e-07
212   	0.76984	5e-05 	0.1573	0.0014046	5.1956e-07
213   	0.77041	5e-05 	0.15823	0.00141	5.228e-07
214   	0.77093	5e-05 	0.15915	0.0014153	5.2599e-07
215   	0.77142	5e-05 	0.16005	0.0014206	5.2913e-07
216   	0.77186	5e-05 	0.16094	0.0014259	5.3221e-07
217   	0.77226	5e-05 	0.16181	0.0014312	5.3525e-07
218   	0.77262	5e-05 	0.16267	0.0014365	5.3824e-07
219   	0.77295	5e-05 	0.16351	0.0014418	5.4117e-07
220   	0.77323	5e-05 	0.16434	0.0014471	5.4406e-07
221   	0.77348	5e-05 	0.16515	0.0014523	5.469e-07
222   	0.7737	5e-05 	0.16595	0.0014576	5.497e-07
223   	0.77387	5e-05 	0.16674	0.0014628	5.5244e-07
224   	0.77402	5e-05 	0.16751	0.001468	5.5513e-07
225   	0.77413	5e-05 	0.16827	0.0014732	5.5778e-07
226   	0.77421	5e-05 	0.16902	0.0014784	5.6038e-07
227   	0.77425	5e-05 	0.16975	0.0014836	5.6294e-07
228   	0.77426	5e-05 	0.17046	0.0014888	5.6544e-07
229   	0.77425	5e-05 	0.17117	0.001494	5.6791e-07
230   	0.7742	5e-05 	0.17186	0.0014991	5.7032e-07
231   	0.77412	5e-05 	0.17254	0.0015043	5.7269e-07
232   	0.77401	5e-05 	0.1732	0.0015094	5.7502e-07
233   	0.77388	5e-05 	0.17385	0.0015146	5.773e-07
234   	0.77372	5e-05 	0.17449	0.0015197	5.7953e-07
235   	0.77353	5e-05 	0.17512	0.0015248	5.8172e-07
236   	0.77331	5e-05 	0.17573	0.0015299	5.8387e-07
237   	0.77307	5e-05 	0.17633	0.001535	5.8598e-07
238   	0.7728	5e-05 	0.17692	0.0015401	5.8804e-07
239   	0.77251	5e-05 	0.1775	0.0015451	5.9006e-07
240   	0.77219	5e-05 	0.17806	0.0015502	5.9204e-07
241   	0.77185	5e-05 	0.17862	0.0015552	5.9397e-07
242   	0.77149	5e-05 	0.17916	0.0015603	5.9587e-07
243   	0.7711	5e-05 	0.17968	0.0015653	5.9772e-07
244   	0.7707	5e-05 	0.1802	0.0015703	5.9953e-07
245   	0.77027	5e-05 	0.18071	0.0015753	6.013e-07
246   	0.76982	5e-05 	0.1812	0.0015803	6.0304e-07
247   	0.76935	5e-05 	0.18168	0.0015853	6.0473e-07
248   	0.76885	5e-05 	0.18215	0.0015903	6.0639e-07
249   	0.76834	5e-05 	0.18261	0.0015953	6.08e-07
250   	0.76781	5e-05 	0.18306	0.0016002	6.0958e-07
251   	0.76726	5e-05 	0.1835	0.0016052	6.1112e-07
252   	0.7667	5e-05 	0.18393	0.0016101	6.1263e-07
253   	0.76611	5e-05 	0.18434	0.001615	6.1409e-07
254   	0.76551	5e-05 	0.18475	0.0016199	6.1552e-07
255   	0.76489	5e-05 	0.18515	0.0016249	6.1692e-07
256   	0.76425	5e-05 	0.18553	0.0016298	6.1828e-07
257   	0.7636	5e-05 	0.18591	0.0016346	6.196e-07
258   	0.76293	5e-05 	0.18627	0.0016395	6.2089e-07
259   	0.76224	5e-05 	0.18663	0.0016444	6.2214e-07
260   	0.76154	5e-05 	0.18697	0.0016493	6.2336e-07
261   	0.76083	5e-05 	0.18731	0.0016541	6.2455e-07
262   	0.7601	5e-05 	0.18763	0.0016589	6.257e-07
263   	0.75935	5e-05 	0.18795	0.0016638	6.2682e-07
264   	0.75859	5e-05 	0.18826	0.0016686	6.2791e-07
265   	0.75782	5e-05 	0.18856	0.0016734	6.2897e-07
266   	0.75704	5e-05 	0.18885	0.0016782	6.2999e-07
267   	0.75624	5e-05 	0.18913	0.001683	6.3098e-07
268   	0.75543	5e-05 	0.1894	0.0016878	6.3194e-07
269   	0.75461	5e-05 	0.18966	0.0016926	6.3287e-07
270   	0.75377	5e-05 	0.18991	0.0016973	6.3378e-07
271   	0.75293	5e-05 	0.19016	0.0017021	6.3465e-07
272   	0.75207	5e-05 	0.19039	0.0017068	6.3549e-07
273   	0.7512	5e-05 	0.19062	0.0017115	6.363e-07
274   	0.75032	5e-05 	0.19084	0.0017163	6.3709e-07
275   	0.74943	5e-05 	0.19105	0.001721	6.3784e-07
276   	0.74853	5e-05 	0.19126	0.0017257	6.3857e-07
277   	0.74762	5e-05 	0.19145	0.0017304	6.3927e-07
278   	0.7467	5e-05 	0.19164	0.0017351	6.3994e-07
279   	0.74577	5e-05 	0.19182	0.0017398	6.4059e-07
280   	0.74484	5e-05 	0.19199	0.0017444	6.4121e-07
281   	0.74389	5e-05 	0.19215	0.0017491	6.418e-07
282   	0.74293	5e-05 	0.19231	0.0017537	6.4237e-07
283   	0.74197	5e-05 	0.19246	0.0017584	6.4291e-07
284   	0.74099	5e-05 	0.1926	0.001763	6.4343e-07
285   	0.74001	5e-05 	0.19274	0.0017676	6.4392e-07
286   	0.73902	5e-05 	0.19287	0.0017722	6.4439e-07
287   	0.73803	5e-05 	0.19299	0.0017768	6.4483e-07
288   	0.73702	5e-05 	0.1931	0.0017814	6.4525e-07
289   	0.73601	5e-05 	0.19321	0.001786	6.4565e-07
290   	0.73499	5e-05 	0.19331	0.0017906	6.4602e-07
291   	0.73396	5e-05 	0.19341	0.0017952	6.4638e-07
292   	0.73293	5e-05 	0.1935	0.0017997	6.467e-07
293   	0.73189	5e-05 	0.19358	0.0018043	6.4701e-07
294   	0.73085	5e-05 	0.19365	0.0018088	6.4729e-07
295   	0.72979	5e-05 	0.19372	0.0018133	6.4756e-07
296   	0.72874	5e-05 	0.19379	0.0018179	6.478e-07
297   	0.72767	5e-05 	0.19384	0.0018224	6.4802e-07
298   	0.7266	5e-05 	0.19389	0.0018269	6.4822e-07
299   	0.72553	5e-05 	0.19394	0.0018314	6.484e-07
300   	0.72445	5e-05 	0.19398	0.0018358	6.4856e-07
301   	0.72336	5e-05 	0.19401	0.0018403	6.487e-07
302   	0.72227	5e-05 	0.19404	0.0018448	6.4882e-07
303   	0.72118	5e-05 	0.19406	0.0018492	6.4893e-07
304   	0.72008	5e-05 	0.19408	0.0018537	6.4901e-07
305   	0.71898	5e-05 	0.19409	0.0018581	6.4907e-07
306   	0.71787	5e-05 	0.1941	0.0018626	6.4912e-07
307   	0.71675	5e-05 	0.1941	0.001867	6.4915e-07
308   	0.71564	5e-05 	0.1941	0.0018714	6.4916e-07
309   	0.71452	5e-05 	0.19409	0.0018758	6.4915e-07
310   	0.71339	5e-05 	0.19407	0.0018802	6.4913e-07
311   	0.71226	5e-05 	0.19405	0.0018846	6.4909e-07
312   	0.71113	5e-05 	0.19403	0.001889	6.4903e-07
313   	0.70999	5e-05 	0.194 	0.0018933	6.4896e-07
314   	0.70885	5e-05 	0.19397	0.0018977	6.4887e-07
315   	0.70771	5e-05 	0.19393	0.001902	6.4876e-07
316   	0.70657	5e-05 	0.19389	0.0019064	6.4864e-07
317   	0.70542	5e-05 	0.19384	0.0019107	6.4851e-07
318   	0.70427	5e-05 	0.19379	0.001915	6.4835e-07
319   	0.70311	5e-05 	0.19374	0.0019194	6.4819e-07
320   	0.70195	5e-05 	0.19368	0.0019237	6.4801e-07
321   	0.70079	5e-05 	0.19361	0.001928	6.4781e-07
322   	0.69963	5e-05 	0.19355	0.0019323	6.476e-07
323   	0.69847	5e-05 	0.19347	0.0019365	6.4738e-07
324   	0.6973	5e-05 	0.1934	0.0019408	6.4714e-07
325   	0.69613	5e-05 	0.19332	0.0019451	6.4689e-07
326   	0.69496	5e-05 	0.19324	0.0019493	6.4662e-07
327   	0.69379	5e-05 	0.19315	0.0019536	6.4634e-07
328   	0.69261	5e-05 	0.19306	0.0019578	6.4605e-07
329   	0.69144	5e-05 	0.19296	0.0019621	6.4575e-07
330   	0.69026	5e-05 	0.19286	0.0019663	6.4544e-07
331   	0.68908	5e-05 	0.19276	0.0019705	6.4511e-07
332   	0.6879	5e-05 	0.19266	0.0019747	6.4477e-07
333   	0.68671	5e-05 	0.19255	0.0019789	6.4442e-07
334   	0.68553	5e-05 	0.19243	0.0019831	6.4405e-07
335   	0.68434	5e-05 	0.19232	0.0019873	6.4368e-07
336   	0.68315	5e-05 	0.1922	0.0019914	6.4329e-07
337   	0.68197	5e-05 	0.19208	0.0019956	6.429e-07
338   	0.68078	5e-05 	0.19195	0.0019998	6.4249e-07
339   	0.67958	5e-05 	0.19182	0.0020039	6.4207e-07
340   	0.67839	5e-05 	0.19169	0.002008	6.4164e-07
341   	0.6772	5e-05 	0.19156	0.0020122	6.412e-07
342   	0.67601	5e-05 	0.19142	0.0020163	6.4075e-07
343   	0.67481	5e-05 	0.19128	0.0020204	6.4029e-07
344   	0.67362	5e-05 	0.19114	0.0020245	6.3982e-07
345   	0.67242	5e-05 	0.19099	0.0020286	6.3935e-07
346   	0.67123	5e-05 	0.19084	0.0020327	6.3886e-07
347   	0.67003	5e-05 	0.19069	0.0020368	6.3836e-07
348   	0.66883	5e-05 	0.19054	0.0020408	6.3785e-07
349   	0.66763	5e-05 	0.19038	0.0020449	6.3734e-07
350   	0.66644	5e-05 	0.19022	0.002049	6.3681e-07
351   	0.66524	5e-05 	0.19006	0.002053	6.3628e-07
352   	0.66404	5e-05 	0.1899	0.0020571	6.3574e-07
353   	0.66284	5e-05 	0.18973	0.0020611	6.3519e-07
354   	0.66164	5e-05 	0.18956	0.0020651	6.3463e-07
355   	0.66044	5e-05 	0.18939	0.0020691	6.3407e-07
356   	0.65924	5e-05 	0.18922	0.0020731	6.3349e-07
357   	0.65805	5e-05 	0.18904	0.0020771	6.3291e-07
358   	0.65685	5e-05 	0.18886	0.0020811	6.3232e-07
359   	0.65565	5e-05 	0.18868	0.0020851	6.3173e-07
360   	0.65445	5e-05 	0.1885	0.0020891	6.3113e-07
361   	0.65325	5e-05 	0.18832	0.002093	6.3051e-07
362   	0.65205	5e-05 	0.18813	0.002097	6.299e-07
363   	0.65085	5e-05 	0.18794	0.002101	6.2927e-07
364   	0.64966	5e-05 	0.18775	0.0021049	6.2864e-07
365   	0.64846	5e-05 	0.18756	0.0021088	6.28e-07
366   	0.64726	5e-05 	0.18737	0.0021128	6.2736e-07
367   	0.64607	5e-05 	0.18717	0.0021167	6.2671e-07
368   	0.64487	5e-05 	0.18697	0.0021206	6.2605e-07
369   	0.64367	5e-05 	0.18677	0.0021245	6.2539e-07
370   	0.64248	5e-05 	0.18657	0.0021284	6.2472e-07
371   	0.64129	5e-05 	0.18637	0.0021323	6.2405e-07
372   	0.64009	5e-05 	0.18616	0.0021362	6.2337e-07
373   	0.6389	5e-05 	0.18596	0.00214	6.2268e-07
374   	0.63771	5e-05 	0.18575	0.0021439	6.2199e-07
375   	0.63651	5e-05 	0.18554	0.0021478	6.2129e-07
376   	0.63532	5e-05 	0.18533	0.0021516	6.2059e-07
377   	0.63413	5e-05 	0.18512	0.0021555	6.1988e-07
378   	0.63294	5e-05 	0.1849	0.0021593	6.1917e-07
379   	0.63176	5e-05 	0.18469	0.0021631	6.1845e-07
380   	0.63057	5e-05 	0.18447	0.0021669	6.1773e-07
381   	0.62938	5e-05 	0.18425	0.0021707	6.17e-07
382   	0.6282	5e-05 	0.18403	0.0021746	6.1627e-07
383   	0.62701	5e-05 	0.18381	0.0021783	6.1554e-07
384   	0.62583	5e-05 	0.18359	0.0021821	6.148e-07
385   	0.62464	5e-05 	0.18337	0.0021859	6.1405e-07
386   	0.62346	5e-05 	0.18314	0.0021897	6.133e-07
387   	0.62228	5e-05 	0.18291	0.0021935	6.1255e-07
388   	0.6211	5e-05 	0.18269	0.0021972	6.1179e-07
389   	0.61992	5e-05 	0.18246	0.002201	6.1103e-07
390   	0.61875	5e-05 	0.18223	0.0022047	6.1026e-07
391   	0.61757	5e-05 	0.182 	0.0022084	6.0949e-07
392   	0.61639	5e-05 	0.18177	0.0022122	6.0872e-07
393   	0.61522	5e-05 	0.18153	0.0022159	6.0795e-07
394   	0.61405	5e-05 	0.1813	0.0022196	6.0717e-07
395   	0.61288	5e-05 	0.18107	0.0022233	6.0638e-07
396   	0.61171	5e-05 	0.18083	0.002227	6.0559e-07
397   	0.61054	5e-05 	0.18059	0.0022307	6.048e-07
398   	0.60937	5e-05 	0.18036	0.0022344	6.0401e-07
399   	0.6082	5e-05 	0.18012	0.0022381	6.0321e-07
400   	0.60704	5e-05 	0.17988	0.0022417	6.0242e-07
401   	0.60587	5e-05 	0.17964	0.0022454	6.0161e-07
402   	0.60471	5e-05 	0.1794	0.002249	6.0081e-07
403   	0.60355	5e-05 	0.17915	0.0022527	6e-07 
404   	0.60239	5e-05 	0.17891	0.0022563	5.9919e-07
405   	0.60123	5e-05 	0.17867	0.00226	5.9837e-07
406   	0.60007	5e-05 	0.17842	0.0022636	5.9756e-07
407   	0.59892	5e-05 	0.17818	0.0022672	5.9674e-07
408   	0.59776	5e-05 	0.17793	0.0022708	5.9592e-07
409   	0.59661	5e-05 	0.17769	0.0022744	5.9509e-07
410   	0.59546	5e-05 	0.17744	0.002278	5.9427e-07
411   	0.59431	5e-05 	0.17719	0.0022816	5.9344e-07
412   	0.59316	5e-05 	0.17694	0.0022852	5.9261e-07
413   	0.59202	5e-05 	0.17669	0.0022888	5.9177e-07
414   	0.59087	5e-05 	0.17644	0.0022923	5.9094e-07
415   	0.58973	5e-05 	0.17619	0.0022959	5.901e-07
416   	0.58859	5e-05 	0.17594	0.0022994	5.8926e-07
417   	0.58745	5e-05 	0.17569	0.002303	5.8842e-07
418   	0.58631	5e-05 	0.17544	0.0023065	5.8758e-07
419   	0.58517	5e-05 	0.17519	0.00231	5.8673e-07
420   	0.58403	5e-05 	0.17493	0.0023136	5.8589e-07
421   	0.5829	5e-05 	0.17468	0.0023171	5.8504e-07
422   	0.58177	5e-05 	0.17442	0.0023206	5.8419e-07
423   	0.58064	5e-05 	0.17417	0.0023241	5.8334e-07
424   	0.57951	5e-05 	0.17391	0.0023276	5.8249e-07
425   	0.57838	5e-05 	0.17366	0.0023311	5.8163e-07
426   	0.57725	5e-05 	0.1734	0.0023346	5.8078e-07
427   	0.57613	5e-05 	0.17315	0.002338	5.7992e-07
428   	0.57501	5e-05 	0.17289	0.0023415	5.7906e-07
429   	0.57389	5e-05 	0.17263	0.002345	5.782e-07
430   	0.57277	5e-05 	0.17238	0.0023484	5.7734e-07
431   	0.57165	5e-05 	0.17212	0.0023519	5.7648e-07
432   	0.57053	5e-05 	0.17186	0.0023553	5.7561e-07
433   	0.56942	5e-05 	0.1716	0.0023587	5.7475e-07
434   	0.56831	5e-05 	0.17134	0.0023622	5.7388e-07
435   	0.5672	5e-05 	0.17108	0.0023656	5.7302e-07
436   	0.56609	5e-05 	0.17082	0.002369	5.7215e-07
437   	0.56498	5e-05 	0.17057	0.0023724	5.7128e-07
438   	0.56388	5e-05 	0.17031	0.0023758	5.7041e-07
439   	0.56277	5e-05 	0.17005	0.0023792	5.6954e-07
440   	0.56167	5e-05 	0.16979	0.0023826	5.6867e-07
441   	0.56057	5e-05 	0.16952	0.002386	5.678e-07
442   	0.55947	5e-05 	0.16926	0.0023893	5.6693e-07
443   	0.55837	5e-05 	0.169 	0.0023927	5.6605e-07
444   	0.55728	5e-05 	0.16874	0.0023961	5.6518e-07
445   	0.55619	5e-05 	0.16848	0.0023994	5.643e-07
446   	0.5551	5e-05 	0.16822	0.0024028	5.6343e-07
447   	0.55401	5e-05 	0.16796	0.0024061	5.6255e-07
448   	0.55292	5e-05 	0.1677	0.0024094	5.6168e-07
449   	0.55183	5e-05 	0.16743	0.0024128	5.608e-07
450   	0.55075	5e-05 	0.16717	0.0024161	5.5992e-07
451   	0.54967	5e-05 	0.16691	0.0024194	5.5905e-07
452   	0.54859	5e-05 	0.16665	0.0024227	5.5817e-07
453   	0.54751	5e-05 	0.16639	0.002426	5.5729e-07
454   	0.54643	5e-05 	0.16612	0.0024293	5.5641e-07
455   	0.54535	5e-05 	0.16586	0.0024326	5.5553e-07
456   	0.54428	5e-05 	0.1656	0.0024358	5.5466e-07
457   	0.54321	5e-05 	0.16533	0.0024391	5.5378e-07
458   	0.54214	5e-05 	0.16507	0.0024424	5.529e-07
459   	0.54107	5e-05 	0.16481	0.0024456	5.5202e-07
460   	0.54001	5e-05 	0.16455	0.0024489	5.5114e-07
461   	0.53894	5e-05 	0.16428	0.0024521	5.5026e-07
462   	0.53788	5e-05 	0.16402	0.0024554	5.4938e-07
463   	0.53682	5e-05 	0.16376	0.0024586	5.485e-07
464   	0.53576	5e-05 	0.1635	0.0024618	5.4762e-07
465   	0.5347	5e-05 	0.16323	0.0024651	5.4674e-07
466   	0.53365	5e-05 	0.16297	0.0024683	5.4586e-07
467   	0.5326	5e-05 	0.16271	0.0024715	5.4498e-07
468   	0.53154	5e-05 	0.16244	0.0024747	5.441e-07
469   	0.53049	5e-05 	0.16218	0.0024779	5.4322e-07
470   	0.52945	5e-05 	0.16192	0.0024811	5.4234e-07
471   	0.5284	5e-05 	0.16166	0.0024842	5.4146e-07
472   	0.52736	5e-05 	0.16139	0.0024874	5.4058e-07
473   	0.52632	5e-05 	0.16113	0.0024906	5.397e-07
474   	0.52528	5e-05 	0.16087	0.0024937	5.3883e-07
475   	0.52424	5e-05 	0.16061	0.0024969	5.3795e-07
476   	0.5232	5e-05 	0.16034	0.0025	5.3707e-07
477   	0.52217	5e-05 	0.16008	0.0025032	5.3619e-07
478   	0.52113	5e-05 	0.15982	0.0025063	5.3531e-07
479   	0.5201	5e-05 	0.15956	0.0025095	5.3444e-07
480   	0.51907	5e-05 	0.1593	0.0025126	5.3356e-07
481   	0.51805	5e-05 	0.15903	0.0025157	5.3268e-07
482   	0.51702	5e-05 	0.15877	0.0025188	5.3181e-07
483   	0.516 	5e-05 	0.15851	0.0025219	5.3093e-07
484   	0.51498	5e-05 	0.15825	0.002525	5.3006e-07
485   	0.51396	5e-05 	0.15799	0.0025281	5.2918e-07
486   	0.51294	5e-05 	0.15773	0.0025312	5.2831e-07
487   	0.51192	5e-05 	0.15747	0.0025343	5.2743e-07
488   	0.51091	5e-05 	0.15721	0.0025373	5.2656e-07
489   	0.5099	5e-05 	0.15695	0.0025404	5.2569e-07
490   	0.50888	5e-05 	0.15668	0.0025435	5.2481e-07
491   	0.50788	5e-05 	0.15642	0.0025465	5.2394e-07
492   	0.50687	5e-05 	0.15616	0.0025496	5.2307e-07
493   	0.50586	5e-05 	0.1559	0.0025526	5.222e-07
494   	0.50486	5e-05 	0.15564	0.0025557	5.2133e-07
495   	0.50386	5e-05 	0.15539	0.0025587	5.2046e-07
496   	0.50286	5e-05 	0.15513	0.0025617	5.1959e-07
497   	0.50186	5e-05 	0.15487	0.0025647	5.1872e-07
498   	0.50087	5e-05 	0.15461	0.0025678	5.1786e-07
499   	0.49987	5e-05 	0.15435	0.0025708	5.1699e-07
500   	0.49888	5e-05 	0.15409	0.0025738	5.1612e-07
501   	0.49789	5e-05 	0.15383	0.0025768	5.1526e-07
502   	0.4969	5e-05 	0.15357	0.0025797	5.1439e-07
503   	0.49592	5e-05 	0.15332	0.0025827	5.1353e-07
504   	0.49493	5e-05 	0.15306	0.0025857	5.1267e-07
505   	0.49395	5e-05 	0.1528	0.0025887	5.118e-07
506   	0.49297	5e-05 	0.15254	0.0025916	5.1094e-07
507   	0.49199	5e-05 	0.15229	0.0025946	5.1008e-07
508   	0.49101	5e-05 	0.15203	0.0025976	5.0922e-07
509   	0.49004	5e-05 	0.15177	0.0026005	5.0836e-07
510   	0.48906	5e-05 	0.15152	0.0026034	5.075e-07
511   	0.48809	5e-05 	0.15126	0.0026064	5.0665e-07
512   	0.48712	5e-05 	0.151 	0.0026093	5.0579e-07
513   	0.48615	5e-05 	0.15075	0.0026122	5.0493e-07
514   	0.48519	5e-05 	0.15049	0.0026152	5.0408e-07
515   	0.48422	5e-05 	0.15024	0.0026181	5.0322e-07
516   	0.48326	5e-05 	0.14998	0.002621	5.0237e-07
517   	0.4823	5e-05 	0.14973	0.0026239	5.0152e-07
518   	0.48134	5e-05 	0.14947	0.0026268	5.0067e-07
519   	0.48038	5e-05 	0.14922	0.0026297	4.9981e-07
520   	0.47943	5e-05 	0.14897	0.0026325	4.9896e-07
521   	0.47848	5e-05 	0.14871	0.0026354	4.9812e-07
522   	0.47752	5e-05 	0.14846	0.0026383	4.9727e-07
523   	0.47657	5e-05 	0.14821	0.0026412	4.9642e-07
524   	0.47563	5e-05 	0.14795	0.002644	4.9557e-07
525   	0.47468	5e-05 	0.1477	0.0026469	4.9473e-07
526   	0.47374	5e-05 	0.14745	0.0026497	4.9388e-07
527   	0.47279	5e-05 	0.1472	0.0026526	4.9304e-07
528   	0.47185	5e-05 	0.14695	0.0026554	4.922e-07
529   	0.47091	5e-05 	0.14669	0.0026582	4.9136e-07
530   	0.46998	5e-05 	0.14644	0.0026611	4.9052e-07
531   	0.46904	5e-05 	0.14619	0.0026639	4.8968e-07
532   	0.46811	5e-05 	0.14594	0.0026667	4.8884e-07
533   	0.46717	5e-05 	0.14569	0.0026695	4.88e-07
534   	0.46624	5e-05 	0.14544	0.0026723	4.8717e-07
535   	0.46532	5e-05 	0.14519	0.0026751	4.8633e-07
536   	0.46439	5e-05 	0.14494	0.0026779	4.855e-07
537   	0.46347	5e-05 	0.1447	0.0026807	4.8466e-07
538   	0.46254	5e-05 	0.14445	0.0026835	4.8383e-07
539   	0.46162	5e-05 	0.1442	0.0026862	4.83e-07
540   	0.4607	5e-05 	0.14395	0.002689	4.8217e-07
541   	0.45978	5e-05 	0.1437	0.0026918	4.8134e-07
542   	0.45887	5e-05 	0.14346	0.0026945	4.8051e-07
543   	0.45796	5e-05 	0.14321	0.0026973	4.7969e-07
544   	0.45704	5e-05 	0.14296	0.0027	4.7886e-07
545   	0.45613	5e-05 	0.14272	0.0027028	4.7804e-07
546   	0.45522	5e-05 	0.14247	0.0027055	4.7721e-07
547   	0.45432	5e-05 	0.14223	0.0027082	4.7639e-07
548   	0.45341	5e-05 	0.14198	0.002711	4.7557e-07
549   	0.45251	5e-05 	0.14174	0.0027137	4.7475e-07
550   	0.45161	5e-05 	0.14149	0.0027164	4.7393e-07
551   	0.45071	5e-05 	0.14125	0.0027191	4.7311e-07
552   	0.44981	5e-05 	0.141 	0.0027218	4.7229e-07
553   	0.44891	5e-05 	0.14076	0.0027245	4.7148e-07
554   	0.44802	5e-05 	0.14052	0.0027272	4.7066e-07
555   	0.44713	5e-05 	0.14027	0.0027299	4.6985e-07
556   	0.44623	5e-05 	0.14003	0.0027326	4.6904e-07
557   	0.44534	5e-05 	0.13979	0.0027352	4.6822e-07
558   	0.44446	5e-05 	0.13955	0.0027379	4.6741e-07
559   	0.44357	5e-05 	0.1393	0.0027406	4.6661e-07
560   	0.44269	5e-05 	0.13906	0.0027432	4.658e-07
561   	0.4418	5e-05 	0.13882	0.0027459	4.6499e-07
562   	0.44092	5e-05 	0.13858	0.0027485	4.6419e-07
563   	0.44004	5e-05 	0.13834	0.0027512	4.6338e-07
564   	0.43917	5e-05 	0.1381	0.0027538	4.6258e-07
565   	0.43829	5e-05 	0.13786	0.0027565	4.6178e-07
566   	0.43742	5e-05 	0.13762	0.0027591	4.6097e-07
567   	0.43655	5e-05 	0.13738	0.0027617	4.6017e-07
568   	0.43567	5e-05 	0.13715	0.0027643	4.5938e-07
569   	0.43481	5e-05 	0.13691	0.0027669	4.5858e-07
570   	0.43394	5e-05 	0.13667	0.0027695	4.5778e-07
571   	0.43307	5e-05 	0.13643	0.0027722	4.5699e-07
572   	0.43221	5e-05 	0.1362	0.0027747	4.5619e-07
573   	0.43135	5e-05 	0.13596	0.0027773	4.554e-07
574   	0.43049	5e-05 	0.13572	0.0027799	4.5461e-07
575   	0.42963	5e-05 	0.13549	0.0027825	4.5382e-07
576   	0.42877	5e-05 	0.13525	0.0027851	4.5303e-07
577   	0.42792	5e-05 	0.13502	0.0027877	4.5224e-07
578   	0.42706	5e-05 	0.13478	0.0027902	4.5146e-07
579   	0.42621	5e-05 	0.13455	0.0027928	4.5067e-07
580   	0.42536	5e-05 	0.13431	0.0027953	4.4989e-07
581   	0.42451	5e-05 	0.13408	0.0027979	4.491e-07
582   	0.42367	5e-05 	0.13385	0.0028004	4.4832e-07
583   	0.42282	5e-05 	0.13361	0.002803	4.4754e-07
584   	0.42198	5e-05 	0.13338	0.0028055	4.4676e-07
585   	0.42114	5e-05 	0.13315	0.002808	4.4598e-07
586   	0.4203	5e-05 	0.13292	0.0028106	4.4521e-07
587   	0.41946	5e-05 	0.13268	0.0028131	4.4443e-07
588   	0.41862	5e-05 	0.13245	0.0028156	4.4366e-07
589   	0.41778	5e-05 	0.13222	0.0028181	4.4288e-07
590   	0.41695	5e-05 	0.13199	0.0028206	4.4211e-07
591   	0.41612	5e-05 	0.13176	0.0028231	4.4134e-07
592   	0.41529	5e-05 	0.13153	0.0028256	4.4057e-07
593   	0.41446	5e-05 	0.1313	0.0028281	4.398e-07
594   	0.41363	5e-05 	0.13107	0.0028306	4.3903e-07
595   	0.41281	5e-05 	0.13084	0.0028331	4.3827e-07
596   	0.41198	5e-05 	0.13062	0.0028355	4.375e-07
597   	0.41116	5e-05 	0.13039	0.002838	4.3674e-07
598   	0.41034	5e-05 	0.13016	0.0028405	4.3598e-07
599   	0.40952	5e-05 	0.12993	0.0028429	4.3522e-07
600   	0.4087	5e-05 	0.12971	0.0028454	4.3446e-07
601   	0.40789	5e-05 	0.12948	0.0028478	4.337e-07
602   	0.40707	5e-05 	0.12925	0.0028503	4.3294e-07
603   	0.40626	5e-05 	0.12903	0.0028527	4.3218e-07
604   	0.40545	5e-05 	0.1288	0.0028552	4.3143e-07
605   	0.40464	5e-05 	0.12858	0.0028576	4.3068e-07
606   	0.40383	5e-05 	0.12835	0.00286	4.2992e-07
607   	0.40303	5e-05 	0.12813	0.0028624	4.2917e-07
608   	0.40222	5e-05 	0.1279	0.0028649	4.2842e-07
609   	0.40142	5e-05 	0.12768	0.0028673	4.2767e-07
610   	0.40062	5e-05 	0.12746	0.0028697	4.2693e-07
611   	0.39982	5e-05 	0.12724	0.0028721	4.2618e-07
612   	0.39902	5e-05 	0.12701	0.0028745	4.2543e-07
613   	0.39823	5e-05 	0.12679	0.0028769	4.2469e-07
614   	0.39743	5e-05 	0.12657	0.0028792	4.2395e-07
615   	0.39664	5e-05 	0.12635	0.0028816	4.2321e-07
616   	0.39585	5e-05 	0.12613	0.002884	4.2247e-07
617   	0.39505	5e-05 	0.12591	0.0028864	4.2173e-07
618   	0.39427	5e-05 	0.12569	0.0028887	4.2099e-07
619   	0.39348	5e-05 	0.12547	0.0028911	4.2025e-07
620   	0.39269	5e-05 	0.12525	0.0028935	4.1952e-07
621   	0.39191	5e-05 	0.12503	0.0028958	4.1878e-07
622   	0.39113	5e-05 	0.12481	0.0028982	4.1805e-07
623   	0.39035	5e-05 	0.12459	0.0029005	4.1732e-07
624   	0.38957	5e-05 	0.12437	0.0029029	4.1659e-07
625   	0.38879	5e-05 	0.12415	0.0029052	4.1586e-07
626   	0.38801	5e-05 	0.12394	0.0029075	4.1513e-07
627   	0.38724	5e-05 	0.12372	0.0029098	4.1441e-07
628   	0.38646	5e-05 	0.1235	0.0029122	4.1368e-07
629   	0.38569	5e-05 	0.12329	0.0029145	4.1296e-07
630   	0.38492	5e-05 	0.12307	0.0029168	4.1224e-07
631   	0.38415	5e-05 	0.12286	0.0029191	4.1151e-07
632   	0.38339	5e-05 	0.12264	0.0029214	4.1079e-07
633   	0.38262	5e-05 	0.12243	0.0029237	4.1007e-07
634   	0.38186	5e-05 	0.12221	0.002926	4.0936e-07
635   	0.3811	5e-05 	0.122 	0.0029283	4.0864e-07
636   	0.38033	5e-05 	0.12179	0.0029306	4.0792e-07
637   	0.37958	5e-05 	0.12157	0.0029328	4.0721e-07
638   	0.37882	5e-05 	0.12136	0.0029351	4.065e-07
639   	0.37806	5e-05 	0.12115	0.0029374	4.0579e-07
640   	0.37731	5e-05 	0.12093	0.0029397	4.0508e-07
641   	0.37655	5e-05 	0.12072	0.0029419	4.0437e-07
642   	0.3758	5e-05 	0.12051	0.0029442	4.0366e-07
643   	0.37505	5e-05 	0.1203	0.0029464	4.0295e-07
644   	0.3743	5e-05 	0.12009	0.0029487	4.0225e-07
645   	0.37355	5e-05 	0.11988	0.0029509	4.0154e-07
646   	0.37281	5e-05 	0.11967	0.0029532	4.0084e-07
647   	0.37206	5e-05 	0.11946	0.0029554	4.0014e-07
648   	0.37132	5e-05 	0.11925	0.0029576	3.9944e-07
649   	0.37058	5e-05 	0.11904	0.0029598	3.9874e-07
650   	0.36984	5e-05 	0.11883	0.0029621	3.9804e-07
651   	0.3691	5e-05 	0.11863	0.0029643	3.9734e-07
652   	0.36836	5e-05 	0.11842	0.0029665	3.9665e-07
653   	0.36763	5e-05 	0.11821	0.0029687	3.9595e-07
654   	0.36689	5e-05 	0.118 	0.0029709	3.9526e-07
655   	0.36616	5e-05 	0.1178	0.0029731	3.9457e-07
656   	0.36543	5e-05 	0.11759	0.0029753	3.9388e-07
657   	0.3647	5e-05 	0.11739	0.0029775	3.9319e-07
658   	0.36397	5e-05 	0.11718	0.0029797	3.925e-07
659   	0.36324	5e-05 	0.11697	0.0029819	3.9181e-07
660   	0.36252	5e-05 	0.11677	0.002984	3.9112e-07
661   	0.36179	5e-05 	0.11657	0.0029862	3.9044e-07
662   	0.36107	5e-05 	0.11636	0.0029884	3.8976e-07
663   	0.36035	5e-05 	0.11616	0.0029905	3.8907e-07
664   	0.35963	5e-05 	0.11595	0.0029927	3.8839e-07
665   	0.35891	5e-05 	0.11575	0.0029948	3.8771e-07
666   	0.3582	5e-05 	0.11555	0.002997	3.8703e-07
667   	0.35748	5e-05 	0.11535	0.0029991	3.8636e-07
668   	0.35677	5e-05 	0.11514	0.0030013	3.8568e-07
669   	0.35605	5e-05 	0.11494	0.0030034	3.8501e-07
670   	0.35534	5e-05 	0.11474	0.0030056	3.8433e-07
671   	0.35463	5e-05 	0.11454	0.0030077	3.8366e-07
672   	0.35392	5e-05 	0.11434	0.0030098	3.8299e-07
673   	0.35322	5e-05 	0.11414	0.0030119	3.8232e-07
674   	0.35251	5e-05 	0.11394	0.003014	3.8165e-07
675   	0.35181	5e-05 	0.11374	0.0030162	3.8098e-07
676   	0.3511	5e-05 	0.11354	0.0030183	3.8031e-07
677   	0.3504	5e-05 	0.11334	0.0030204	3.7965e-07
678   	0.3497	5e-05 	0.11314	0.0030225	3.7898e-07
679   	0.349 	5e-05 	0.11295	0.0030246	3.7832e-07
680   	0.34831	5e-05 	0.11275	0.0030267	3.7766e-07
681   	0.34761	5e-05 	0.11255	0.0030287	3.77e-07
682   	0.34692	5e-05 	0.11236	0.0030308	3.7634e-07
683   	0.34622	5e-05 	0.11216	0.0030329	3.7568e-07
684   	0.34553	5e-05 	0.11196	0.003035	3.7502e-07
685   	0.34484	5e-05 	0.11177	0.003037	3.7437e-07
686   	0.34415	5e-05 	0.11157	0.0030391	3.7371e-07
687   	0.34347	5e-05 	0.11138	0.0030412	3.7306e-07
688   	0.34278	5e-05 	0.11118	0.0030432	3.7241e-07
689   	0.3421	5e-05 	0.11099	0.0030453	3.7175e-07
690   	0.34141	5e-05 	0.11079	0.0030473	3.711e-07
691   	0.34073	5e-05 	0.1106	0.0030494	3.7046e-07
692   	0.34005	5e-05 	0.11041	0.0030514	3.6981e-07
693   	0.33937	5e-05 	0.11021	0.0030535	3.6916e-07
694   	0.33869	5e-05 	0.11002	0.0030555	3.6852e-07
695   	0.33802	5e-05 	0.10983	0.0030575	3.6787e-07
696   	0.33734	5e-05 	0.10964	0.0030595	3.6723e-07
697   	0.33667	5e-05 	0.10944	0.0030616	3.6659e-07
698   	0.33599	5e-05 	0.10925	0.0030636	3.6595e-07
699   	0.33532	5e-05 	0.10906	0.0030656	3.6531e-07
700   	0.33465	5e-05 	0.10887	0.0030676	3.6467e-07
701   	0.33398	5e-05 	0.10868	0.0030696	3.6403e-07
702   	0.33332	5e-05 	0.10849	0.0030716	3.634e-07
703   	0.33265	5e-05 	0.1083	0.0030736	3.6276e-07
704   	0.33199	5e-05 	0.10811	0.0030756	3.6213e-07
705   	0.33132	5e-05 	0.10792	0.0030776	3.6149e-07
706   	0.33066	5e-05 	0.10773	0.0030796	3.6086e-07
707   	0.33  	5e-05 	0.10755	0.0030815	3.6023e-07
708   	0.32934	5e-05 	0.10736	0.0030835	3.596e-07
709   	0.32868	5e-05 	0.10717	0.0030855	3.5898e-07
710   	0.32803	5e-05 	0.10698	0.0030875	3.5835e-07
711   	0.32737	5e-05 	0.1068	0.0030894	3.5772e-07
712   	0.32672	5e-05 	0.10661	0.0030914	3.571e-07
713   	0.32607	5e-05 	0.10642	0.0030933	3.5647e-07
714   	0.32541	5e-05 	0.10624	0.0030953	3.5585e-07
715   	0.32476	5e-05 	0.10605	0.0030972	3.5523e-07
716   	0.32412	5e-05 	0.10587	0.0030992	3.5461e-07
717   	0.32347	5e-05 	0.10568	0.0031011	3.5399e-07
718   	0.32282	5e-05 	0.1055	0.0031031	3.5337e-07
719   	0.32218	5e-05 	0.10532	0.003105	3.5276e-07
720   	0.32153	5e-05 	0.10513	0.0031069	3.5214e-07
721   	0.32089	5e-05 	0.10495	0.0031089	3.5153e-07
722   	0.32025	5e-05 	0.10477	0.0031108	3.5092e-07
723   	0.31961	5e-05 	0.10458	0.0031127	3.503e-07
724   	0.31897	5e-05 	0.1044	0.0031146	3.4969e-07
725   	0.31833	5e-05 	0.10422	0.0031165	3.4908e-07
726   	0.3177	5e-05 	0.10404	0.0031184	3.4847e-07
727   	0.31706	5e-05 	0.10385	0.0031203	3.4787e-07
728   	0.31643	5e-05 	0.10367	0.0031222	3.4726e-07
729   	0.3158	5e-05 	0.10349	0.0031241	3.4665e-07
730   	0.31517	5e-05 	0.10331	0.003126	3.4605e-07
731   	0.31454	5e-05 	0.10313	0.0031279	3.4545e-07
732   	0.31391	5e-05 	0.10295	0.0031298	3.4485e-07
733   	0.31328	5e-05 	0.10277	0.0031317	3.4424e-07
734   	0.31266	5e-05 	0.10259	0.0031335	3.4365e-07
735   	0.31203	5e-05 	0.10242	0.0031354	3.4305e-07
736   	0.31141	5e-05 	0.10224	0.0031373	3.4245e-07
737   	0.31079	5e-05 	0.10206	0.0031391	3.4185e-07
738   	0.31017	5e-05 	0.10188	0.003141	3.4126e-07
739   	0.30955	5e-05 	0.1017	0.0031429	3.4066e-07
740   	0.30893	5e-05 	0.10153	0.0031447	3.4007e-07
741   	0.30831	5e-05 	0.10135	0.0031466	3.3948e-07
742   	0.30769	5e-05 	0.10117	0.0031484	3.3889e-07
743   	0.30708	5e-05 	0.101 	0.0031503	3.383e-07
744   	0.30647	5e-05 	0.10082	0.0031521	3.3771e-07
745   	0.30585	5e-05 	0.10065	0.0031539	3.3712e-07
746   	0.30524	5e-05 	0.10047	0.0031558	3.3653e-07
747   	0.30463	5e-05 	0.1003	0.0031576	3.3595e-07
748   	0.30402	5e-05 	0.10012	0.0031594	3.3537e-07
749   	0.30342	5e-05 	0.099949	0.0031612	3.3478e-07
750   	0.30281	5e-05 	0.099775	0.003163	3.342e-07
751   	0.30221	5e-05 	0.099601	0.0031649	3.3362e-07
752   	0.3016	5e-05 	0.099428	0.0031667	3.3304e-07
753   	0.301 	5e-05 	0.099255	0.0031685	3.3246e-07
754   	0.3004	5e-05 	0.099083	0.0031703	3.3188e-07
755   	0.2998	5e-05 	0.098911	0.0031721	3.3131e-07
756   	0.2992	5e-05 	0.098739	0.0031739	3.3073e-07
757   	0.2986	5e-05 	0.098567	0.0031757	3.3015e-07
758   	0.298 	5e-05 	0.098396	0.0031774	3.2958e-07
759   	0.29741	5e-05 	0.098225	0.0031792	3.2901e-07
760   	0.29681	5e-05 	0.098054	0.003181	3.2844e-07
761   	0.29622	5e-05 	0.097884	0.0031828	3.2787e-07
762   	0.29563	5e-05 	0.097714	0.0031846	3.273e-07
763   	0.29504	5e-05 	0.097545	0.0031863	3.2673e-07
764   	0.29445	5e-05 	0.097375	0.0031881	3.2616e-07
765   	0.29386	5e-05 	0.097206	0.0031899	3.256e-07
766   	0.29327	5e-05 	0.097038	0.0031916	3.2503e-07
767   	0.29269	5e-05 	0.096869	0.0031934	3.2447e-07
768   	0.2921	5e-05 	0.096701	0.0031951	3.239e-07
769   	0.29152	5e-05 	0.096533	0.0031969	3.2334e-07
770   	0.29094	5e-05 	0.096366	0.0031986	3.2278e-07
771   	0.29036	5e-05 	0.096199	0.0032004	3.2222e-07
772   	0.28978	5e-05 	0.096032	0.0032021	3.2166e-07
773   	0.2892	5e-05 	0.095866	0.0032038	3.2111e-07
774   	0.28862	5e-05 	0.095699	0.0032056	3.2055e-07
775   	0.28804	5e-05 	0.095534	0.0032073	3.1999e-07
776   	0.28747	5e-05 	0.095368	0.003209	3.1944e-07
777   	0.28689	5e-05 	0.095203	0.0032107	3.1889e-07
778   	0.28632	5e-05 	0.095038	0.0032125	3.1833e-07
779   	0.28575	5e-05 	0.094873	0.0032142	3.1778e-07
780   	0.28518	5e-05 	0.094709	0.0032159	3.1723e-07
781   	0.28461	5e-05 	0.094545	0.0032176	3.1668e-07
782   	0.28404	5e-05 	0.094381	0.0032193	3.1613e-07
783   	0.28347	5e-05 	0.094218	0.003221	3.1559e-07
784   	0.28291	5e-05 	0.094055	0.0032227	3.1504e-07
785   	0.28234	5e-05 	0.093892	0.0032244	3.145e-07
786   	0.28178	5e-05 	0.093729	0.0032261	3.1395e-07
787   	0.28121	5e-05 	0.093567	0.0032278	3.1341e-07
788   	0.28065	5e-05 	0.093405	0.0032294	3.1287e-07
789   	0.28009	5e-05 	0.093244	0.0032311	3.1232e-07
790   	0.27953	5e-05 	0.093083	0.0032328	3.1178e-07
791   	0.27897	5e-05 	0.092922	0.0032345	3.1125e-07
792   	0.27841	5e-05 	0.092761	0.0032361	3.1071e-07
793   	0.27786	5e-05 	0.092601	0.0032378	3.1017e-07
794   	0.2773	5e-05 	0.092441	0.0032395	3.0963e-07
795   	0.27675	5e-05 	0.092281	0.0032411	3.091e-07
796   	0.2762	5e-05 	0.092122	0.0032428	3.0857e-07
797   	0.27564	5e-05 	0.091962	0.0032444	3.0803e-07
798   	0.27509	5e-05 	0.091804	0.0032461	3.075e-07
799   	0.27454	5e-05 	0.091645	0.0032477	3.0697e-07
800   	0.274 	5e-05 	0.091487	0.0032494	3.0644e-07
801   	0.27345	5e-05 	0.091329	0.003251	3.0591e-07
802   	0.2729	5e-05 	0.091171	0.0032527	3.0538e-07
803   	0.27236	5e-05 	0.091014	0.0032543	3.0485e-07
804   	0.27181	5e-05 	0.090857	0.0032559	3.0433e-07
805   	0.27127	5e-05 	0.0907	0.0032575	3.038e-07
806   	0.27073	5e-05 	0.090544	0.0032592	3.0328e-07
807   	0.27019	5e-05 	0.090388	0.0032608	3.0276e-07
808   	0.26965	5e-05 	0.090232	0.0032624	3.0223e-07
809   	0.26911	5e-05 	0.090076	0.003264	3.0171e-07
810   	0.26857	5e-05 	0.089921	0.0032656	3.0119e-07
811   	0.26803	5e-05 	0.089766	0.0032672	3.0067e-07
812   	0.2675	5e-05 	0.089611	0.0032688	3.0016e-07
813   	0.26696	5e-05 	0.089457	0.0032704	2.9964e-07
814   	0.26643	5e-05 	0.089303	0.003272	2.9912e-07
815   	0.2659	5e-05 	0.089149	0.0032736	2.9861e-07
816   	0.26537	5e-05 	0.088995	0.0032752	2.9809e-07
817   	0.26484	5e-05 	0.088842	0.0032768	2.9758e-07
818   	0.26431	5e-05 	0.088689	0.0032784	2.9707e-07
819   	0.26378	5e-05 	0.088537	0.00328	2.9656e-07
820   	0.26325	5e-05 	0.088384	0.0032816	2.9605e-07
821   	0.26273	5e-05 	0.088232	0.0032831	2.9554e-07
822   	0.2622	5e-05 	0.08808	0.0032847	2.9503e-07
823   	0.26168	5e-05 	0.087929	0.0032863	2.9452e-07
824   	0.26115	5e-05 	0.087778	0.0032878	2.9402e-07
825   	0.26063	5e-05 	0.087627	0.0032894	2.9351e-07
826   	0.26011	5e-05 	0.087476	0.003291	2.9301e-07
827   	0.25959	5e-05 	0.087326	0.0032925	2.925e-07
828   	0.25907	5e-05 	0.087176	0.0032941	2.92e-07
829   	0.25856	5e-05 	0.087026	0.0032956	2.915e-07
830   	0.25804	5e-05 	0.086876	0.0032972	2.91e-07
831   	0.25752	5e-05 	0.086727	0.0032987	2.905e-07
832   	0.25701	5e-05 	0.086578	0.0033002	2.9e-07
833   	0.2565	5e-05 	0.08643	0.0033018	2.895e-07
834   	0.25598	5e-05 	0.086281	0.0033033	2.89e-07
835   	0.25547	5e-05 	0.086133	0.0033049	2.8851e-07
836   	0.25496	5e-05 	0.085986	0.0033064	2.8801e-07
837   	0.25445	5e-05 	0.085838	0.0033079	2.8752e-07
838   	0.25394	5e-05 	0.085691	0.0033094	2.8702e-07
839   	0.25344	5e-05 	0.085544	0.0033109	2.8653e-07
840   	0.25293	5e-05 	0.085397	0.0033125	2.8604e-07
841   	0.25243	5e-05 	0.085251	0.003314	2.8555e-07
842   	0.25192	5e-05 	0.085105	0.0033155	2.8506e-07
843   	0.25142	5e-05 	0.084959	0.003317	2.8457e-07
844   	0.25092	5e-05 	0.084813	0.0033185	2.8409e-07
845   	0.25041	5e-05 	0.084668	0.00332	2.836e-07
846   	0.24991	5e-05 	0.084523	0.0033215	2.8311e-07
847   	0.24941	5e-05 	0.084378	0.003323	2.8263e-07
848   	0.24892	5e-05 	0.084234	0.0033245	2.8214e-07
849   	0.24842	5e-05 	0.08409	0.003326	2.8166e-07
850   	0.24792	5e-05 	0.083946	0.0033275	2.8118e-07
851   	0.24743	5e-05 	0.083802	0.0033289	2.807e-07
852   	0.24693	5e-05 	0.083659	0.0033304	2.8022e-07
853   	0.24644	5e-05 	0.083516	0.0033319	2.7974e-07
854   	0.24595	5e-05 	0.083373	0.0033334	2.7926e-07
855   	0.24546	5e-05 	0.08323	0.0033348	2.7878e-07
856   	0.24496	5e-05 	0.083088	0.0033363	2.7831e-07
857   	0.24448	5e-05 	0.082946	0.0033378	2.7783e-07
858   	0.24399	5e-05 	0.082804	0.0033392	2.7736e-07
859   	0.2435	5e-05 	0.082663	0.0033407	2.7688e-07
860   	0.24301	5e-05 	0.082522	0.0033422	2.7641e-07
861   	0.24253	5e-05 	0.082381	0.0033436	2.7594e-07
862   	0.24204	5e-05 	0.08224	0.0033451	2.7547e-07
863   	0.24156	5e-05 	0.0821	0.0033465	2.75e-07
864   	0.24108	5e-05 	0.08196	0.003348	2.7453e-07
865   	0.24059	5e-05 	0.08182	0.0033494	2.7406e-07
866   	0.24011	5e-05 	0.08168	0.0033508	2.7359e-07
867   	0.23963	5e-05 	0.081541	0.0033523	2.7313e-07
868   	0.23916	5e-05 	0.081402	0.0033537	2.7266e-07
869   	0.23868	5e-05 	0.081263	0.0033551	2.7219e-07
870   	0.2382	5e-05 	0.081125	0.0033566	2.7173e-07
871   	0.23773	5e-05 	0.080986	0.003358	2.7127e-07
872   	0.23725	5e-05 	0.080849	0.0033594	2.7081e-07
873   	0.23678	5e-05 	0.080711	0.0033608	2.7034e-07
874   	0.2363	5e-05 	0.080573	0.0033622	2.6988e-07
875   	0.23583	5e-05 	0.080436	0.0033637	2.6942e-07
876   	0.23536	5e-05 	0.080299	0.0033651	2.6897e-07
877   	0.23489	5e-05 	0.080163	0.0033665	2.6851e-07
878   	0.23442	5e-05 	0.080026	0.0033679	2.6805e-07
879   	0.23395	5e-05 	0.07989	0.0033693	2.676e-07
880   	0.23348	5e-05 	0.079754	0.0033707	2.6714e-07
881   	0.23302	5e-05 	0.079619	0.0033721	2.6669e-07
882   	0.23255	5e-05 	0.079483	0.0033735	2.6623e-07
883   	0.23209	5e-05 	0.079348	0.0033749	2.6578e-07
884   	0.23162	5e-05 	0.079213	0.0033763	2.6533e-07
885   	0.23116	5e-05 	0.079079	0.0033776	2.6488e-07
886   	0.2307	5e-05 	0.078944	0.003379	2.6443e-07
887   	0.23024	5e-05 	0.07881	0.0033804	2.6398e-07
888   	0.22978	5e-05 	0.078677	0.0033818	2.6353e-07
889   	0.22932	5e-05 	0.078543	0.0033831	2.6308e-07
890   	0.22886	5e-05 	0.07841	0.0033845	2.6264e-07
891   	0.2284	5e-05 	0.078277	0.0033859	2.6219e-07
892   	0.22795	5e-05 	0.078144	0.0033873	2.6175e-07
893   	0.22749	5e-05 	0.078011	0.0033886	2.613e-07
894   	0.22704	5e-05 	0.077879	0.00339	2.6086e-07
895   	0.22658	5e-05 	0.077747	0.0033913	2.6042e-07
896   	0.22613	5e-05 	0.077615	0.0033927	2.5998e-07
897   	0.22568	5e-05 	0.077484	0.003394	2.5954e-07
898   	0.22523	5e-05 	0.077352	0.0033954	2.591e-07
899   	0.22478	5e-05 	0.077221	0.0033967	2.5866e-07
900   	0.22433	5e-05 	0.077091	0.0033981	2.5822e-07
901   	0.22388	5e-05 	0.07696	0.0033994	2.5778e-07
902   	0.22343	5e-05 	0.07683	0.0034008	2.5735e-07
903   	0.22299	5e-05 	0.0767	0.0034021	2.5691e-07
904   	0.22254	5e-05 	0.07657	0.0034034	2.5648e-07
905   	0.2221	5e-05 	0.076441	0.0034048	2.5604e-07
906   	0.22165	5e-05 	0.076311	0.0034061	2.5561e-07
907   	0.22121	5e-05 	0.076182	0.0034074	2.5518e-07
908   	0.22077	5e-05 	0.076054	0.0034087	2.5475e-07
909   	0.22033	5e-05 	0.075925	0.0034101	2.5431e-07
910   	0.21989	5e-05 	0.075797	0.0034114	2.5388e-07
911   	0.21945	5e-05 	0.075669	0.0034127	2.5346e-07
912   	0.21901	5e-05 	0.075541	0.003414	2.5303e-07
913   	0.21857	5e-05 	0.075414	0.0034153	2.526e-07
914   	0.21814	5e-05 	0.075286	0.0034166	2.5217e-07
915   	0.2177	5e-05 	0.075159	0.0034179	2.5175e-07
916   	0.21726	5e-05 	0.075032	0.0034192	2.5132e-07
917   	0.21683	5e-05 	0.074906	0.0034205	2.509e-07
918   	0.2164	5e-05 	0.07478	0.0034218	2.5048e-07
919   	0.21596	5e-05 	0.074654	0.0034231	2.5006e-07
920   	0.21553	5e-05 	0.074528	0.0034244	2.4963e-07
921   	0.2151	5e-05 	0.074402	0.0034257	2.4921e-07
922   	0.21467	5e-05 	0.074277	0.003427	2.4879e-07
923   	0.21424	5e-05 	0.074152	0.0034283	2.4837e-07
924   	0.21382	5e-05 	0.074027	0.0034295	2.4796e-07
925   	0.21339	5e-05 	0.073902	0.0034308	2.4754e-07
926   	0.21296	5e-05 	0.073778	0.0034321	2.4712e-07
927   	0.21254	5e-05 	0.073654	0.0034334	2.4671e-07
928   	0.21211	5e-05 	0.07353	0.0034346	2.4629e-07
929   	0.21169	5e-05 	0.073406	0.0034359	2.4588e-07
930   	0.21127	5e-05 	0.073283	0.0034372	2.4546e-07
931   	0.21084	5e-05 	0.07316	0.0034384	2.4505e-07
932   	0.21042	5e-05 	0.073037	0.0034397	2.4464e-07
933   	0.21  	5e-05 	0.072914	0.003441	2.4423e-07
934   	0.20958	5e-05 	0.072792	0.0034422	2.4382e-07
935   	0.20916	5e-05 	0.072669	0.0034435	2.4341e-07
936   	0.20875	5e-05 	0.072547	0.0034447	2.43e-07
937   	0.20833	5e-05 	0.072426	0.003446	2.4259e-07
938   	0.20791	5e-05 	0.072304	0.0034472	2.4219e-07
939   	0.2075	5e-05 	0.072183	0.0034485	2.4178e-07
940   	0.20708	5e-05 	0.072062	0.0034497	2.4137e-07
941   	0.20667	5e-05 	0.071941	0.0034509	2.4097e-07
942   	0.20626	5e-05 	0.07182	0.0034522	2.4057e-07
943   	0.20584	5e-05 	0.0717	0.0034534	2.4016e-07
944   	0.20543	5e-05 	0.07158	0.0034546	2.3976e-07
945   	0.20502	5e-05 	0.07146	0.0034559	2.3936e-07
946   	0.20461	5e-05 	0.07134	0.0034571	2.3896e-07
947   	0.2042	5e-05 	0.071221	0.0034583	2.3856e-07
948   	0.2038	5e-05 	0.071102	0.0034595	2.3816e-07
949   	0.20339	5e-05 	0.070983	0.0034607	2.3776e-07
950   	0.20298	5e-05 	0.070864	0.003462	2.3736e-07
951   	0.20258	5e-05 	0.070745	0.0034632	2.3696e-07
952   	0.20217	5e-05 	0.070627	0.0034644	2.3657e-07
953   	0.20177	5e-05 	0.070509	0.0034656	2.3617e-07
954   	0.20136	5e-05 	0.070391	0.0034668	2.3578e-07
955   	0.20096	5e-05 	0.070274	0.003468	2.3538e-07
956   	0.20056	5e-05 	0.070156	0.0034692	2.3499e-07
957   	0.20016	5e-05 	0.070039	0.0034704	2.346e-07
958   	0.19976	5e-05 	0.069922	0.0034716	2.3421e-07
959   	0.19936	5e-05 	0.069806	0.0034728	2.3382e-07
960   	0.19896	5e-05 	0.069689	0.003474	2.3343e-07
961   	0.19856	5e-05 	0.069573	0.0034752	2.3304e-07
962   	0.19817	5e-05 	0.069457	0.0034764	2.3265e-07
963   	0.19777	5e-05 	0.069341	0.0034775	2.3226e-07
964   	0.19738	5e-05 	0.069225	0.0034787	2.3187e-07
965   	0.19698	5e-05 	0.06911	0.0034799	2.3149e-07
966   	0.19659	5e-05 	0.068995	0.0034811	2.311e-07
967   	0.1962	5e-05 	0.06888	0.0034823	2.3072e-07
968   	0.1958	5e-05 	0.068765	0.0034834	2.3033e-07
969   	0.19541	5e-05 	0.068651	0.0034846	2.2995e-07
970   	0.19502	5e-05 	0.068537	0.0034858	2.2957e-07
971   	0.19463	5e-05 	0.068423	0.0034869	2.2919e-07
972   	0.19424	5e-05 	0.068309	0.0034881	2.288e-07
973   	0.19386	5e-05 	0.068195	0.0034893	2.2842e-07
974   	0.19347	5e-05 	0.068082	0.0034904	2.2804e-07
975   	0.19308	5e-05 	0.067969	0.0034916	2.2766e-07
976   	0.1927	5e-05 	0.067856	0.0034927	2.2729e-07
977   	0.19231	5e-05 	0.067743	0.0034939	2.2691e-07
978   	0.19193	5e-05 	0.067631	0.003495	2.2653e-07
979   	0.19154	5e-05 	0.067519	0.0034962	2.2616e-07
980   	0.19116	5e-05 	0.067407	0.0034973	2.2578e-07
981   	0.19078	5e-05 	0.067295	0.0034985	2.2541e-07
982   	0.1904	5e-05 	0.067183	0.0034996	2.2503e-07
983   	0.19002	5e-05 	0.067072	0.0035007	2.2466e-07
984   	0.18964	5e-05 	0.066961	0.0035019	2.2429e-07
985   	0.18926	5e-05 	0.06685	0.003503	2.2392e-07
986   	0.18888	5e-05 	0.066739	0.0035041	2.2355e-07
987   	0.1885	5e-05 	0.066628	0.0035053	2.2317e-07
988   	0.18813	5e-05 	0.066518	0.0035064	2.2281e-07
989   	0.18775	5e-05 	0.066408	0.0035075	2.2244e-07
990   	0.18738	5e-05 	0.066298	0.0035086	2.2207e-07
991   	0.187 	5e-05 	0.066188	0.0035098	2.217e-07
992   	0.18663	5e-05 	0.066079	0.0035109	2.2133e-07
993   	0.18625	5e-05 	0.06597	0.003512	2.2097e-07
994   	0.18588	5e-05 	0.065861	0.0035131	2.206e-07
995   	0.18551	5e-05 	0.065752	0.0035142	2.2024e-07
996   	0.18514	5e-05 	0.065643	0.0035153	2.1988e-07
997   	0.18477	5e-05 	0.065535	0.0035164	2.1951e-07
998   	0.1844	5e-05 	0.065427	0.0035175	2.1915e-07
999   	0.18403	5e-05 	0.065319	0.0035186	2.1879e-07
1000	0.18367	5e-05 	0.065211	0.0035197	2.1843e-07
